821830
10271
493393
8606
741833
692783
776939
821847
778061
3299
70773
766357
626123
814776
541123
529973
658743
76193
698473
12957
9184
74663
7775
738373
20033
607603
6717
6776
755807
4697
903131
650153
164693
862531
777538
755907
757421
677983
967901
674833
684423
607023
659543
692733
10182
785942
561373
768413
47393
754583
740103
907801
623443
733133
613703
786993
812319
59983
66763
607223
11605
788037
7525
705203
10379
622783
805414
643913
778923
746273
853601
761510
623053
44543
46013
26033
814584
50853
12523
53713
64683
868281
779157
699653
772292
20643
546773
623723
61053
546133
46953
762354
813708
56033
659683
760547
807078
661423
790018
982981
807774
755543
7232
669933
664833
696723
850321
11180
725283
7831
739493
700113
700403
757894
468573
756052
30433
803175
995481
225503
783051
781650
699813
731373
785413
3226
629003
807215
10098
6032
810843
698993
8996
731423
796966
804460
7647
660153
613403
783706
756401
759360
764005
13473
749593
49343
771985
798725
662183
761462
810106
842381
6485
686143
6517
822803
822818
677293
2741
9871
66353
55233
609313
794962
39883
11535
798853
772613
12234
11502
790399
870831
5294
723593
750143
330893
7538
785327
51033
772447
774258
704903
981791
11755
13033
223923
762457
757105
4182
976161
761286
724343
835111
70213
759904
470503
67213
816107
635243
11143
829791
931561
755793
994541
11936
754579
700633
19213
648913
726173
10472
3440
793575
530353
11322
51933
785444
29503
896731
12265
689133
782397
37773
801235
617453
33783
7792
53243
791178
633253
732603
662163
11971
756131
203923
686123
796893
656563
758492
912391
801338
756551
79503
674513
692443
6313
728933
6267
938751
682083
905
766798
715393
9462
737733
709123
800791
762742
755674
10003
767083
697133
810483
2939
802285
818869
627263
3186
772627
78923
67183
366753
772546
785683
791526
783111
741863
780752
817085
9953
12385
819622
682203
816081
656193
774905
792267
9946
31183
746483
270853
714213
71273
785918
48313
800067
24333
880331
660223
326323
792278
763210
816671
750953
696883
3774
821715
805528
744493
206403
820709
6691
80553
41983
856941
6924
910751
692073
995901
673563
655483
870221
28273
806300
815082
255253
10402
97493
809750
698073
17523
901661
810319
70353
821698
802887
63813
786217
773233
754672
622603
17173
680343
743703
6567
783212
765094
754680
206023
64533
685033
58423
697443
7143
807367
619643
817644
760687
16293
793300
62263
12690
814527
58713
15123
75473
129143
792314
941941
734443
656413
804433
11736
3674
766912
680463
621263
27493
984671
779110
803163
154813
767318
820416
928061
11555
855821
663553
756159
22133
828401
16553
772351
761848
686573
766498
849171
76793
264843
76433
10489
781341
697583
12979
32363
674823
882981
784343
773832
788184
818169
6597
653633
799379
59613
816597
727823
802271
778180
782596
737163
56463
27213
37833
48813
8624
40133
568133
899301
647613
13093
727473
885781
7504
830461
790587
911331
219963
764783
787140
719533
3592
82913
76333
891831
805706
772155
22953
41523
762664
784408
7165
794067
10511
747173
803687
12972
773555
882731
58163
903291
639453
633923
810226
9939
712873
568263
759596
679453
65933
776224
52063
40623
812341
817007
759717
10134
290703
806903
723193
756209
40283
760232
11509
796308
777861
10806
812683
203593
794606
9515
811789
435
719163
5925
205823
760774
692573
6718
632243
673963
268843
5748
754465
80113
775663
625463
766411
51493
812104
507163
5800
740013
784205
17293
683243
820533
481363
766472
30303
195553
792767
813929
817715
611413
918161
6447
15643
10124
8572
11202
794975
755051
866441
796085
792055
427553
687043
57623
78933
11310
780070
4052
711343
802832
818862
898771
831631
757251
210253
3215
759983
873571
764623
821788
50173
10833
9033
839801
693143
935861
11798
676383
810232
996
11692
809869
572583
925411
697013
307933
804446
625003
7091
27803
627983
953821
663183
50133
800613
793197
807562
719963
730843
13513
814568
965501
762703
615113
818673
516933
882321
67543
754955
788110
6883
10754
764948
98363
11228
811018
12624
758327
799643
67073
670153
607413
6091
758240
757722
774586
814623
806886
793947
17303
10497
817408
837271
666953
6536
793494
87593
631053
105033
785710
20623
679713
54453
767624
652143
11232
698563
813773
630393
382493
677503
745953
47483
834501
754936
640933
779613
717763
10231
721983
886961
754923
804952
665363
648733
707463
814868
77813
805676
5543
29233
12968
2425
67853
764209
794792
950891
609173
815840
654783
10596
797426
11236
41703
73463
758078
470093
757727
10190
813044
631983
752923
707593
638153
794937
10762
763977
756389
268283
8903
754499
2379
991771
64693
711283
55623
775983
823637
767948
963701
888641
821548
21763
28453
11136
783281
759593
599893
645393
82043
816408
664053
872371
911771
1697
794174
727093
692223
811916
4329
932061
7062
6696
63473
981401
11630
73043
4572
9974
756725
698153
900501
12086
780156
703713
12156
612643
895931
9761
782883
878001
779979
195983
896691
641683
33323
41863
6266
17653
4913
613983
649753
802143
15533
31823
798147
13089
266043
13134
817427
775229
12248
784587
792162
755162
762166
802249
13014
754653
59723
239923
587933
649603
767075
662853
670113
670663
708043
12347
754530
64473
820728
791360
12560
948241
47903
58973
721643
799145
45243
3511
822704
740083
261703
782778
867821
682983
755914
757026
736413
804155
3579
768837
463333
725623
705073
799855
26983
767217
812304
5794
730413
796803
674253
777703
756609
27823
81893
765282
491413
760362
728813
755229
694753
593093
763137
22043
788032
803263
9774
730783
667813
108883
813563
737563
699503
780629
805294
974681
823558
799770
755912
934691
203413
771727
793606
30223
651793
80143
624133
796511
714933
39963
710123
59703
682233
813775
779149
756429
816024
746093
794417
762583
782800
820655
814221
818104
898321
37743
672913
780993
805582
814813
759130
756472
823893
717423
771289
8814
821414
78853
769786
939511
762752
45503
777989
816847
2959
963881
802597
128793
680623
40763
820298
798298
726873
677213
822725
10460
788427
26733
783329
191373
786579
4022
613233
820009
987711
617173
6212
607473
816240
75943
820395
10248
514123
663483
757199
650563
51643
536753
664223
828491
715573
800686
13497
614903
785072
700003
68083
798740
651773
147723
711193
48993
749223
777671
622413
1993
821740
795355
711683
773701
11201
25193
6001
414153
818439
914091
77323
755048
747333
675753
22143
784444
3304
783828
802556
797233
802245
966581
683883
64923
814764
772470
821388
41073
69203
644723
9082
823198
793674
629643
49973
73593
21163
811280
724963
784191
782759
861391
53703
820811
937311
814819
5153
515533
777815
722083
920911
899881
763430
203003
737513
47603
802256
777896
818411
641593
699863
781611
717773
653373
798518
12199
29653
754467
762072
654453
642893
10964
800644
765740
764372
705993
781690
651513
878301
12040
658913
756638
640173
823024
6002
270233
758509
11962
757927
669523
776914
10448
808451
754484
862331
811127
657343
809220
817661
826041
762653
746993
686203
42803
2833
796845
990591
668403
805500
758750
5907
23403
13020
38513
66563
760563
799935
779341
801098
763557
63913
795251
742753
807505
732113
40183
3773
12950
47513
153723
816488
650583
755231
614883
13087
811088
778735
610843
791189
2125
10505
758669
2828
64823
801270
719713
721423
778286
29383
688773
779396
370453
6929
758208
40303
2689
886881
21053
11507
13017
10720
13206
795002
758770
763616
139712
795141
903021
803947
11646
798836
29173
978341
707323
680603
789397
740693
764680
755075
12247
709953
54083
36893
800434
7344
765824
767455
670383
625303
823133
710173
791841
800770
13006
880051
656733
794322
729473
988411
756060
651903
817919
610933
782111
709413
818837
75753
775212
650313
4632
788321
625073
795281
774267
651463
1594
994871
739393
866551
53753
628143
948381
625523
820064
9370
65223
694783
766060
61423
47963
818068
759188
913331
729173
804111
48533
872031
475033
629053
842071
719003
724073
36783
389773
817096
771715
808385
776397
308813
11260
13433
755445
822154
214993
20603
26203
616663
9163
11115
821362
906801
4825
674183
710633
39763
893921
66543
993301
13004
13189
781501
811912
725383
68903
12068
625253
80783
801236
930431
754183
12455
611813
754883
806279
214963
797411
779905
10052
915
10401
687693
10316
728043
6739
758232
962841
165523
609333
779104
755649
805393
13082
628543
762080
627343
701123
686373
787021
658533
804442
11058
684753
801152
664673
790751
793656
27893
705313
7357
797035
748263
774976
746853
682513
593363
769633
12962
630813
47543
702093
706863
936151
777352
766820
818858
746903
22963
864821
729553
627593
11635
818051
761822
713673
787718
630753
926021
106563
798984
43983
46283
10567
64483
66663
761635
4797
774790
954041
11264
818707
59693
705463
780045
796280
648753
3645
660763
745003
754508
696443
814640
713893
729563
611753
242713
736363
10562
709983
32393
7268
13395
787936
764715
962401
677893
74303
420203
662503
614223
991641
754483
696023
726363
1555
2431
754842
739993
785657
653783
718983
930781
374553
754777
20673
699933
16213
12356
765692
648933
810040
12153
57473
27163
773022
755557
3789
757877
717723
888691
791010
648463
935461
13312
664983
754855
70393
837551
764960
43963
52183
11564
761616
755560
591143
725163
44183
763914
686533
711183
805309
755376
764379
654263
11566
742523
781944
80823
6611
58463
38053
795269
774128
628163
816040
802667
762283
764362
700933
939881
817242
2550
3005
11231
690633
771682
764113
689033
650023
8847
860101
5640
9984
809966
783476
658863
730183
607553
686513
644453
558573
806114
642023
41263
681803
823399
735733
728193
770718
783778
821479
970921
803322
890571
789555
646443
760022
58603
4545
694213
42173
43683
759881
649833
851481
750333
775301
894141
762458
768645
60613
23963
677973
737013
868391
778805
747093
646273
59163
803220
666843
781324
773270
28753
36523
765467
743933
786755
756028
816349
756358
707643
934391
766352
794723
7192
86663
819533
787886
33793
736573
32
775216
963261
797216
821769
633353
810276
843091
692593
622503
811549
758134
795499
776546
333553
758292
799170
130693
813447
682733
42273
755906
775993
28883
16183
821145
898161
801746
275063
743813
787191
778696
546873
618623
642743
740953
611333
4366
823116
753893
997001
754774
82233
685413
654823
74573
700783
786418
11458
69493
645093
697173
47943
10986
10538
648903
797036
776091
786597
13072
13689
7839
635293
765647
783646
623743
627803
68693
806995
34923
685943
38583
526803
792522
607983
756388
690933
732753
724363
28233
755610
764375
795107
726883
51343
12242
773033
4036
689453
75633
782907
3865
12027
10363
615443
11439
804016
737263
45983
779497
10686
790417
4298
823363
11575
808594
755402
820497
788757
6756
817581
5060
4205
624823
789241
805430
631413
2958
764293
639073
7082
10620
991821
8697
813558
755447
758598
593083
863531
7827
43743
613793
814562
214883
46633
747923
813605
30073
768600
625913
800003
8904
771494
633993
780899
5145
666453
2755
734893
20103
802784
644843
785478
813615
37733
9493
97673
806836
10353
689533
895821
809521
281873
47753
10101
706513
72043
906551
696233
860531
681423
6271
657033
777169
68223
973121
7481
7123
802340
773965
27263
648383
205793
6690
792103
827771
12052
10635
772253
884391
842981
688633
760474
768026
631143
905421
10107
991
758454
819437
719103
717803
52153
30643
650633
875801
12235
754868
770632
806161
662133
607513
703653
11959
816687
665213
726773
761910
815056
754103
2870
812802
726813
821561
764797
673423
348243
841041
13064
644253
791642
34033
754153
782820
10447
52073
624973
759001
757696
756911
722583
973931
811244
12338
754909
32963
50833
761608
881051
786674
10688
652873
663243
764331
732293
6100
92823
10803
728473
669613
211353
44073
3244
196
9574
10457
10748
782515
3852
948331
12630
646643
11406
687723
806616
11132
696353
518023
754887
333773
711603
759384
741633
738233
936181
711973
824140
98233
53113
879201
789064
755846
804964
635033
919801
781481
814848
380583
26103
81143
33203
756406
931761
39113
760123
817450
2058
697093
35343
652923
654993
799549
789242
799517
81093
756136
75593
5514
184233
3242
809081
57993
697503
823352
13085
741013
11762
816444
812131
14463
672543
11546
9987
754783
2337
967941
784170
759453
908361
999671
76693
452933
272433
768035
756271
8992
28133
292433
664933
205683
707743
5805
11344
79913
790277
700843
5020
1078
615393
725893
808239
756032
820022
761796
6184
69803
820283
691843
923881
79763
817962
691033
777522
768840
472343
311223
763325
784345
7156
796041
780185
689363
10329
15193
4345
12117
822804
756552
413463
709883
11166
794949
804441
780816
1727
13204
823753
738813
772921
81553
755635
786599
721013
380233
757198
805173
805889
743253
748853
58843
68553
750903
802986
732793
735833
653663
180673
755117
753163
676693
799543
6316
765372
797706
762756
10765
75193
767688
775335
644023
660803
793226
7787
942291
808516
807861
2841
802774
700503
980291
12177
42633
786989
672523
11820
818210
91773
755625
685633
782611
874911
31633
708683
7335
749573
3862
706883
68663
673053
180783
703363
712073
52503
910401
811353
700983
822118
692743
8995
11265
13102
66303
8262
639113
931211
727913
808883
12519
763077
814709
755690
138
52673
811646
25613
632633
28433
52633
750443
810264
12413
791513
708343
818765
691533
3528
656723
675053
795845
648793
974811
763620
783023
810155
704653
935821
631673
81413
774760
18283
5625
39233
803371
714043
60803
705783
691203
820897
15743
49103
764717
805516
11092
813473
24983
804883
821641
612703
793418
644543
819955
678923
642433
6688
31243
745153
772378
755167
4940
674973
774602
672563
806428
320723
12701
762966
643833
769872
10767
8896
637363
808193
225613
832901
489573
823114
474423
24343
799003
759529
690193
24753
690123
696623
777031
335073
84373
782115
778538
766493
798886
693603
777165
775737
28363
819530
714513
756599
760701
809201
650353
781119
52573
413953
11119
713243
738463
686983
764496
653543
63303
821981
63783
758731
3998
27683
22213
715873
820869
753613
810740
746733
65003
521933
10102
810373
725773
821032
768652
726953
62113
773986
776865
2564
780389
665883
908581
50573
735473
899641
31983
806781
627453
807590
15073
6012
755052
6859
9950
622453
782915
27113
107903
835061
12961
918321
754985
701083
811925
25333
3435
651313
9958
935241
757145
786177
34493
12752
52003
955301
755676
647133
759334
755383
737453
803530
760136
746763
793771
13284
13114
78133
653123
611733
734013
12097
48003
766267
17393
816820
715643
17813
609793
11229
30123
607973
817665
755576
59513
792216
608643
792065
42363
12975
45203
78953
701303
639263
779628
621943
10987
801634
806313
815152
976801
819723
791610
645973
957221
840311
678903
18213
775442
71553
4072
817868
767954
815034
823843
756291
901871
679093
819250
757217
615013
793793
798280
11574
12556
805870
808226
755572
37043
39693
758001
623793
709103
989631
7351
805049
703063
756153
970321
815533
775167
217873
11238
795229
817278
741673
8942
255283
200873
763083
730003
758879
635133
923641
9979
776117
277103
756311
942341
702753
938361
20856
761356
800193
62563
618023
9064
736833
808245
797903
27913
807851
779842
472393
821483
971081
644633
38183
771943
702983
631443
72723
675943
374453
651393
803009
819929
801470
13106
820855
776963
783126
626193
761310
708983
759788
13434
813677
802455
10721
15623
814448
11145
795708
13598
776246
979911
614193
709323
804223
26363
804389
793696
11156
717453
646183
25233
677093
616593
914161
689523
861561
763888
692633
11370
613813
52933
23973
589623
811786
11341
12768
12844
622993
755688
707583
791447
72093
757044
788121
46003
761979
47073
13000
21373
820555
906301
630653
803893
977961
777600
777319
3583
791380
810195
782798
649093
11477
769120
908301
48293
773437
769124
770569
804599
12334
50443
747873
658483
10902
814391
44603
638133
771739
869861
5689
625213
688383
812009
778970
782448
752683
666233
6578
623813
31613
10315
77243
9413
775836
739063
500
812051
816455
793545
760131
617923
741393
695113
2637
810615
355593
64253
797275
79683
724283
644173
2449
8564
756535
779332
20663
2051
761568
731603
764687
18363
642193
50893
839471
816254
803552
4548
13084
767661
770417
102573
767664
17413
49373
10234
773458
775261
58953
755245
792927
76053
3509
756380
669023
765395
762646
820137
995341
811141
803811
757477
36993
944951
414873
774903
167663
13730
800876
659443
817296
730813
676283
769306
777914
861991
697123
649323
778036
765426
13441
989401
617043
776591
683863
806469
949261
718353
744173
876781
26553
664293
782947
612593
876381
768792
756374
254583
760251
756253
80633
36383
822351
779606
33123
2140
10048
756226
7056
711563
816101
2969
779830
40413
610513
808359
63693
936021
687823
3418
753013
5790
814882
711393
682893
755121
889211
13663
759518
817429
11289
45323
167113
60623
712623
752173
735043
140
12382
808672
394503
5965
612543
903151
637303
805651
6187
745483
663103
644563
213813
729353
13363
772544
737553
11103
1642
67333
820745
992071
802541
2636
815407
47883
75383
764457
703483
754588
249103
983851
13086
11795
12982
817675
811992
799258
736443
990511
11782
359083
473213
745883
940781
815580
811874
470913
274353
586003
12283
42783
12944
602373
714133
651753
781735
863601
667653
653793
771345
13508
680503
780712
684433
11922
734543
75703
817531
976071
48163
705813
760126
653683
6321
3746
786095
39163
969251
149303
766069
729993
750723
613373
72223
780639
82153
653073
326783
29723
823341
785286
761869
650073
997711
959221
803610
770378
809441
54183
799381
700103
60543
42183
658593
666383
765871
659603
10137
673833
780514
780923
636053
5804
791503
61433
820898
670673
391893
934381
736533
51523
6665
26433
842711
11355
776232
18813
770890
67993
996491
614173
808859
660023
798551
667953
960401
4160
661463
46043
617123
4569
998941
780291
779512
31263
811628
820836
800252
768656
778802
650373
5116
960621
836371
755004
3503
6852
42763
775558
798504
59293
781636
750053
861551
733053
764337
703293
5271
768062
821918
3388
5635
821976
627633
982081
923971
641023
10118
782597
610013
777635
77553
785616
755640
11817
841371
652133
13090
751733
744833
26593
997851
916921
755847
720253
790977
762006
817763
792867
10373
61603
682103
681953
817722
148573
755895
844031
528583
10484
813114
764296
981881
79003
755235
10333
963101
620883
758115
781127
773239
962831
3087
759667
753853
40463
795638
783444
663973
13230
757323
764395
19943
707033
20803
814492
823223
32293
917821
763602
4627
244583
754093
2736
367303
12175
2133
675223
730793
612143
713823
646833
813300
978911
800281
27443
258473
11589
808169
780577
822997
766412
633073
70293
795607
56583
27643
743233
885631
759537
822106
174013
15373
5823
675813
755339
775081
812700
793143
787342
666493
6925
11137
683743
26683
818290
11188
201443
790548
446953
10171
13128
681323
71833
55513
756943
773194
768993
779933
721313
821276
756863
221173
26803
6745
812093
11920
754939
752543
790527
785188
935381
656993
760245
656173
767835
9231
623313
735363
648763
803012
30613
972831
798447
7356
772072
808490
756896
760998
106
681773
972151
661033
53133
12702
658653
744743
805810
64003
72833
704833
773642
79533
822946
909121
242643
726993
5738
719193
778041
762224
661993
754854
166523
817558
12691
755289
777730
795955
749803
11272
634003
59383
648063
857151
694163
6430
5867
756165
7374
344093
807453
37583
938311
974801
722513
799810
742693
987831
771782
770025
782077
613913
67893
799290
624333
871051
721603
855991
70153
754550
767041
782700
280
766168
796633
716423
29133
4746
632993
811793
12849
714253
755021
706383
811965
767589
68973
722013
54043
202373
715483
81203
769358
663773
672953
703983
820930
947991
785662
675523
12204
780043
780600
377823
734943
10260
789607
12921
807117
40873
822066
780875
10932
823887
655463
69513
2001
8269
42813
644533
628983
213413
755782
708743
764423
691483
824027
698443
781043
775242
848881
779925
747233
11641
778193
37553
191713
17033
468203
756908
42913
77283
821779
44443
780616
738193
89463
784189
736893
769191
798765
7128
796380
10684
31773
440513
710713
804456
755421
659163
452823
12973
62453
777153
9567
810961
631163
620993
688993
616583
774888
76383
768468
706023
818442
932281
814909
821359
790308
38653
55953
429393
761874
11942
793458
685093
767026
655323
612633
800256
927751
689733
3375
955091
745223
755244
816939
783245
755730
797153
4857
81013
7658
646203
660003
767958
27733
769483
12296
72253
12631
12618
19863
725263
760959
654843
7733
440173
792398
755506
353443
935661
35743
10388
10184
2137
11152
887761
940471
754438
855511
807623
5157
13323
72423
12174
763767
61733
859461
11556
612093
7408
30463
635173
681303
819103
769066
28463
658843
281743
720553
188363
7760
782824
781001
768372
623993
12717
735173
11097
24523
786256
11318
773995
791871
775383
926411
714233
788266
23753
20683
763811
731143
75773
762071
12014
10414
702063
12308
841621
647983
762535
758699
792582
12940
774220
886691
744363
807050
814884
784926
775232
627023
792402
666263
165363
731473
867091
5807
755523
674273
767836
690713
801047
690453
21383
821671
815816
765800
755974
797686
823077
454083
332
630643
795687
638953
793932
697283
892311
629533
778667
808663
762303
519933
755337
76163
56863
67623
34453
6486
876351
6616
742823
351123
916531
737143
880081
799842
11633
793780
629273
10826
814799
10978
804728
716163
66143
11972
797171
760197
5480
11030
764778
631493
30913
7067
32803
66253
684353
12038
774412
755889
807465
677033
737043
818137
777683
203253
778663
818537
7011
699413
220583
866621
730223
11023
707483
809009
12969
747193
615193
8691
756016
756530
757304
765316
6216
4584
11077
941211
26423
213353
783079
643883
771838
877661
980621
724033
667143
21323
689323
807337
634623
6828
199993
756088
73633
618303
12126
965151
805331
11359
792380
783808
12971
751513
609823
806576
777379
830911
755290
12365
806419
865651
663273
812058
2503
13500
4242
822538
5900
873261
3683
782442
802330
769014
79113
664113
772703
225643
916821
990611
736373
756414
816808
764278
12710
150843
756071
54363
58723
828091
12262
824030
731783
811903
749783
464703
76753
815958
660233
142823
609953
867961
822054
805823
762601
723743
910341
9985
703113
38303
646583
813836
727683
619073
67373
632473
797084
820078
972721
779245
802781
812589
755622
60363
754950
724113
756214
952071
12410
843821
40923
762508
5730
755965
833531
711463
796063
40193
801858
508263
697003
11740
2951
19393
11133
85893
710823
563873
9133
754462
671033
3178
15113
731303
779213
744633
810192
972481
742513
954471
631013
712633
792203
969791
809526
631123
759722
791013
609193
6976
821107
6045
927691
844851
821457
777142
4211
814318
212293
815131
819085
5894
39533
885541
698543
784600
644143
3737
800803
812787
2556
73063
793280
814661
781716
805890
67053
106323
755704
816859
862881
809812
720163
622103
494353
897451
700723
11297
649903
82953
755483
800621
16253
480203
660243
801264
34093
323543
777249
790009
952301
791458
808864
755509
5160
12230
631043
765490
681613
12960
39903
695883
698033
817948
55503
991391
672853
747053
782964
1611
11616
615563
9154
742023
851831
608073
634783
782059
913131
918471
165383
13694
629023
631663
917351
762421
787152
280693
817133
803984
64143
158723
675893
687323
917861
867431
445023
776096
13051
709643
42063
790131
802870
755260
755185
899121
639313
794821
906141
759913
647033
998721
12755
720073
62743
12589
801125
761172
779667
791631
779190
676843
1596
43143
2950
3247
3151
618013
77093
11017
42313
989701
741873
822645
56943
379363
34433
773032
788005
783735
807580
61553
695973
7682
633333
781499
777455
949891
11927
750523
6755
767440
13079
625693
60673
4283
755670
622173
803518
636543
663013
823041
823285
821829
149
780865
820071
766337
911921
760775
494033
749623
963571
686243
715983
810915
673293
815619
769462
804386
683103
7404
584933
975271
53023
898861
744773
763687
4585
5875
10259
424953
808882
928671
10127
318933
647153
786172
795344
759412
772744
634303
695743
950281
910211
74643
19203
800072
774737
53603
761525
762188
782237
740363
13092
10412
3391
760004
620753
40383
609693
962241
29183
609803
9971
812154
841961
812190
762337
723213
269423
762751
777045
754712
936261
758377
669893
769443
74243
617523
772271
805259
811365
209633
610433
685723
756416
651933
754575
62683
658973
76743
60073
931751
984861
946201
803709
48963
761499
608433
816961
7151
778547
741353
30603
651783
921441
10440
744323
31993
66533
10627
755472
647183
802944
758925
7017
10479
798974
17133
766999
774184
764424
766000
44913
768919
303053
705603
740813
818465
608203
643043
810464
10249
798506
615543
12639
814703
7455
253213
80593
6636
821202
616413
790008
6272
632303
787826
793194
195753
954631
806326
755942
12255
776638
793599
62273
667063
896631
619963
19723
816047
607383
701063
584
11134
5922
813378
718663
999721
790235
807870
819970
48083
652673
763535
24353
761016
794439
27613
12047
768170
821844
768921
810228
670683
742493
10685
7238
612123
7223
743613
30213
610243
817959
10181
63493
2964
265743
48693
683543
11976
798957
813837
229633
762315
789063
754848
10128
10974
657423
752513
59443
12407
777129
82933
799010
2310
5604
758253
789436
793609
796800
785299
645703
942661
838991
719803
11300
660983
714733
767797
60593
756874
6459
731543
769726
774305
174703
687753
11588
628933
754494
7139
810222
748113
12461
421923
792062
793332
659173
755899
806175
823575
611483
794044
752153
711473
10968
16823
816441
806227
78903
780054
788189
76183
795105
359813
822860
841001
749823
755900
12626
769140
766212
684863
2820
33813
68653
713203
762366
762725
804586
12890
3724
777942
10576
960381
823169
27143
800742
827271
806513
786509
811235
769711
31083
758053
788182
786539
809002
667373
10411
761794
2963
789711
763565
25693
756303
12687
611543
791104
789118
930051
786100
810877
908411
22993
27283
2371
645643
411763
770427
774879
696173
962611
5066
564633
12592
767572
68913
10746
728143
388353
680813
990301
1060
757833
811307
813316
871431
607103
9959
613213
8664
665273
408143
6296
793906
644833
796981
705033
764193
705413
797638
671173
725853
780435
811487
756334
972741
292993
806866
775221
685253
729463
813613
818158
687813
280253
11686
729313
759093
796234
770519
40323
805891
774847
725703
815891
854501
796546
767728
7518
663763
2516
610193
817390
807952
776949
853041
822008
4991
10689
761716
957521
781483
774538
794705
760593
797917
6129
262403
41383
906671
69963
768404
554953
759912
949901
783451
758601
3942
794112
967451
9449
765475
997831
345693
33013
332113
50353
78193
160843
759618
37073
818630
763574
774654
786290
765787
760360
768594
41413
12037
43203
14213
53973
760080
754652
59733
3460
36943
235703
904841
12932
56983
50283
2136
347653
754464
806773
779443
800451
737783
806806
60223
785410
8858
777721
776878
698423
792891
14853
626023
754796
794196
55613
11773
644433
10672
854031
26013
976381
756370
806625
709633
11490
609883
754676
64903
923371
23463
772565
10854
75623
40843
2832
5238
30743
635413
765732
722253
11671
299823
679593
714323
713343
7616
766066
51363
777651
817594
28373
823183
821219
803102
797968
799334
4508
820736
640963
12251
758302
73783
667093
643133
795523
672773
56083
715093
11904
709613
662273
782760
612133
632723
81393
773481
752913
783163
7732
805795
700733
776473
813065
806333
805956
742993
724373
831401
3484
823113
756346
10451
774705
753773
819100
81
754817
780950
766103
677453
663693
792594
10690
48913
649343
733423
435463
700383
779116
89473
805081
38613
11950
236403
626393
3256
798941
778439
767407
8635
755319
67553
866401
617473
754490
725433
985421
7656
782443
807489
11728
12237
64193
815962
810644
902621
711233
818235
755892
780695
755555
626933
726913
772025
65293
627123
783612
10109
764352
812374
60833
822435
642213
30083
13099
790520
844051
11411
828441
929111
751063
3642
33373
796283
815387
855291
767375
11221
760151
777324
811674
634343
55393
29913
818267
773030
15843
28483
778169
11146
681553
10478
10914
27203
810086
714113
18663
792482
13285
733693
644743
6764
755877
814973
755672
6336
29523
34083
660973
28673
211613
832721
59353
756218
853131
790484
619893
808705
3641
40673
721193
620913
699943
767879
760877
