32
80
81
96
106
138
140
148
149
183
196
237
280
332
343
435
500
584
905
915
968
991
996
1017
1060
1078
1151
1555
1584
1594
1596
1607
1611
1642
1697
1698
1727
1933
1960
1993
2001
2013
2051
2058
2125
2133
2136
2137
2140
2182
2295
2310
2333
2337
2371
2379
2425
2431
2436
2449
2503
2516
2550
2556
2564
2573
2588
2592
2636
2637
2663
2673
2688
2689
2694
2701
2703
2710
2736
2741
2752
2755
2771
2812
2820
2824
2828
2832
2833
2841
2858
2870
2885
2911
2925
2939
2941
2950
2951
2955
2957
2958
2959
2963
2964
2969
2980
2990
3005
3009
3019
3078
3087
3103
3151
3155
3163
3176
3178
3186
3197
3215
3222
3226
3242
3244
3247
3256
3287
3299
3304
3320
3327
3370
3372
3375
3381
3388
3390
3391
3418
3435
3440
3456
3460
3484
3499
3503
3509
3511
3528
3579
3583
3587
3589
3592
3595
3608
3641
3642
3645
3674
3683
3687
3691
3709
3718
3724
3737
3738
3746
3758
3760
3773
3774
3788
3789
3810
3821
3832
3852
3862
3863
3865
3872
3924
3928
3934
3938
3942
3997
3998
4022
4023
4036
4049
4052
4054
4072
4160
4176
4182
4205
4211
4242
4283
4297
4298
4329
4345
4359
4360
4366
4371
4389
4397
4407
4428
4441
4442
4508
4526
4533
4545
4548
4550
4562
4569
4572
4584
4585
4594
4596
4606
4627
4632
4661
4662
4673
4676
4697
4702
4745
4746
4756
4795
4797
4798
4802
4814
4815
4825
4856
4857
4866
4875
4883
4886
4888
4897
4913
4915
4940
4942
4949
4975
4991
4994
5020
5035
5053
5056
5060
5066
5070
5108
5115
5116
5120
5125
5145
5153
5154
5157
5160
5179
5238
5255
5268
5271
5288
5294
5313
5316
5323
5339
5355
5385
5469
5475
5480
5512
5514
5531
5543
5581
5582
5596
5602
5604
5625
5635
5640
5642
5647
5668
5689
5690
5691
5727
5730
5738
5748
5753
5763
5764
5776
5781
5790
5794
5795
5799
5800
5804
5805
5807
5823
5828
5867
5875
5890
5894
5900
5907
5922
5925
5936
5953
5960
5965
5968
5982
5983
5985
6001
6002
6012
6032
6044
6045
6058
6067
6071
6076
6082
6088
6091
6097
6100
6129
6165
6174
6184
6187
6212
6216
6218
6228
6232
6235
6236
6252
6266
6267
6270
6271
6272
6275
6276
6281
6289
6296
6313
6316
6321
6334
6336
6367
6382
6388
6389
6407
6415
6425
6430
6447
6456
6459
6472
6474
6485
6486
6495
6517
6536
6537
6554
6556
6567
6578
6583
6597
6598
6611
6614
6616
6636
6659
6665
6688
6690
6691
6696
6705
6717
6718
6739
6741
6745
6749
6755
6756
6762
6764
6765
6767
6776
6785
6795
6826
6827
6828
6830
6831
6835
6845
6846
6852
6859
6862
6866
6883
6907
6908
6909
6918
6920
6924
6925
6929
6930
6971
6976
6977
6994
6996
7011
7017
7025
7031
7037
7043
7046
7048
7055
7056
7059
7062
7067
7072
7077
7082
7091
7102
7108
7123
7128
7139
7140
7143
7151
7154
7156
7160
7164
7165
7172
7192
7218
7223
7232
7238
7239
7268
7295
7299
7314
7318
7335
7336
7343
7344
7351
7356
7357
7374
7378
7387
7389
7404
7408
7449
7455
7464
7475
7476
7481
7498
7504
7518
7525
7538
7548
7552
7577
7616
7647
7655
7656
7658
7665
7682
7687
7732
7733
7753
7757
7758
7760
7761
7775
7781
7787
7789
7792
7796
7799
7808
7813
7824
7827
7831
7839
7916
8130
8246
8262
8269
8270
8274
8290
8354
8397
8452
8563
8564
8565
8572
8589
8606
8619
8624
8635
8637
8639
8664
8691
8697
8727
8747
8814
8847
8858
8863
8873
8896
8903
8904
8942
8956
8992
8995
8996
9007
9014
9029
9032
9033
9045
9056
9064
9081
9082
9131
9133
9148
9154
9155
9163
9184
9188
9192
9199
9226
9229
9231
9251
9282
9293
9304
9322
9370
9394
9413
9449
9453
9462
9493
9503
9515
9567
9574
9576
9635
9645
9647
9698
9757
9761
9774
9776
9802
9847
9871
9884
9939
9946
9948
9950
9953
9956
9957
9958
9959
9971
9972
9974
9975
9976
9979
9984
9985
9987
9988
9989
9991
9992
9993
10003
10016
10020
10048
10052
10093
10098
10100
10101
10102
10107
10109
10112
10115
10118
10124
10127
10128
10134
10137
10147
10171
10181
10182
10184
10190
10196
10231
10234
10248
10249
10255
10259
10260
10262
10270
10271
10278
10292
10295
10310
10315
10316
10329
10333
10337
10340
10342
10348
10351
10353
10354
10363
10373
10374
10379
10388
10392
10401
10402
10410
10411
10412
10414
10415
10426
10427
10440
10447
10448
10451
10457
10460
10464
10472
10478
10479
10484
10486
10489
10497
10503
10505
10510
10511
10521
10538
10549
10555
10562
10567
10570
10572
10576
10577
10596
10600
10602
10607
10620
10627
10632
10635
10645
10655
10663
10664
10672
10674
10678
10684
10685
10686
10688
10689
10690
10691
10694
10696
10705
10720
10721
10729
10731
10739
10742
10746
10748
10752
10754
10756
10757
10760
10762
10763
10765
10767
10769
10786
10794
10798
10803
10805
10806
10808
10816
10818
10819
10826
10829
10830
10833
10854
10896
10900
10902
10909
10914
10927
10930
10932
10935
10939
10948
10959
10964
10968
10974
10975
10978
10981
10983
10986
10987
10999
11010
11017
11020
11023
11030
11047
11058
11059
11072
11077
11084
11090
11092
11096
11097
11103
11104
11105
11115
11117
11118
11119
11120
11122
11127
11130
11132
11133
11134
11136
11137
11141
11143
11145
11146
11152
11156
11166
11170
11171
11180
11186
11188
11189
11192
11193
11198
11200
11201
11202
11221
11228
11229
11231
11232
11236
11238
11243
11249
11260
11264
11265
11269
11270
11271
11272
11277
11279
11289
11297
11300
11304
11308
11310
11314
11318
11322
11326
11341
11344
11355
11359
11370
11390
11401
11406
11411
11429
11435
11436
11439
11440
11444
11458
11464
11465
11476
11477
11490
11502
11506
11507
11509
11531
11535
11546
11553
11555
11556
11559
11563
11564
11566
11568
11574
11575
11581
11583
11588
11589
11592
11602
11605
11616
11630
11633
11635
11637
11638
11641
11646
11650
11653
11664
11671
11686
11692
11701
11728
11735
11736
11740
11742
11746
11751
11755
11757
11762
11763
11768
11771
11773
11782
11790
11794
11795
11798
11804
11808
11809
11816
11817
11820
11826
11836
11838
11853
11865
11867
11880
11898
11903
11904
11908
11920
11921
11922
11924
11926
11927
11931
11934
11936
11942
11950
11959
11962
11966
11967
11971
11972
11974
11976
11978
11980
11981
11991
11998
11999
12014
12025
12027
12031
12037
12038
12040
12047
12052
12059
12067
12068
12070
12072
12077
12086
12097
12117
12120
12126
12130
12136
12137
12142
12144
12153
12156
12157
12167
12174
12175
12177
12179
12182
12199
12204
12214
12230
12234
12235
12237
12239
12242
12246
12247
12248
12250
12251
12255
12259
12261
12262
12263
12265
12283
12289
12296
12308
12334
12336
12338
12339
12340
12344
12347
12351
12356
12361
12365
12369
12377
12379
12382
12385
12395
12407
12409
12410
12412
12413
12415
12429
12434
12442
12446
12448
12455
12461
12479
12480
12519
12523
12556
12559
12560
12562
12568
12569
12571
12583
12589
12592
12600
12610
12618
12619
12624
12626
12630
12631
12639
12662
12670
12676
12681
12687
12688
12690
12691
12698
12701
12702
12710
12711
12717
12729
12731
12732
12734
12752
12755
12764
12768
12777
12784
12788
12793
12794
12806
12807
12816
12826
12844
12849
12869
12875
12880
12890
12900
12921
12932
12933
12940
12944
12950
12957
12960
12961
12962
12964
12965
12967
12968
12969
12970
12971
12972
12973
12975
12977
12979
12982
12986
12989
12992
12993
12999
13000
13002
13004
13005
13006
13011
13013
13014
13015
13016
13017
13019
13020
13033
13037
13051
13056
13063
13064
13065
13066
13068
13069
13072
13079
13080
13082
13083
13084
13085
13086
13087
13089
13090
13091
13092
13093
13094
13095
13096
13099
13100
13102
13106
13108
13109
13114
13128
13129
13134
13149
13179
13189
13202
13204
13205
13206
13230
13245
13268
13282
13284
13285
13290
13299
13312
13318
13323
13339
13343
13358
13363
13395
13398
13402
13433
13434
13438
13441
13451
13460
13471
13473
13484
13497
13500
13508
13513
13540
13541
13542
13598
13618
13619
13624
13625
13638
13648
13663
13678
13689
13692
13694
13730
13783
13863
13873
13923
14033
14043
14213
14463
14573
14593
14633
14703
14783
14793
14843
14853
14983
15063
15073
15113
15123
15193
15303
15373
15533
15613
15623
15643
15743
15843
16003
16113
16183
16213
16253
16283
16293
16343
16473
16483
16553
16643
16823
17033
17133
17173
17293
17303
17393
17413
17513
17523
17553
17653
17763
17813
17903
17953
18193
18213
18283
18303
18363
18373
18423
18603
18643
18653
18663
18803
18813
18973
19123
19183
19203
19213
19373
19393
19643
19673
19723
19753
19803
19843
19863
19943
19973
20033
20103
20123
20173
20273
20343
20353
20363
20403
20603
20623
20633
20643
20663
20673
20683
20723
20803
20856
21033
21053
21163
21183
21323
21373
21383
21473
21623
21653
21703
21763
21873
21923
22003
22043
22053
22133
22143
22193
22213
22313
22633
22903
22923
22953
22963
22993
23073
23293
23383
23403
23463
23583
23713
23743
23753
23813
23843
23963
23973
24163
24273
24333
24343
24353
24423
24523
24603
24623
24643
24663
24723
24753
24983
25173
25193
25233
25273
25333
25603
25613
25693
25803
25833
25873
25953
26013
26033
26073
26103
26193
26203
26263
26363
26423
26433
26553
26563
26593
26623
26633
26643
26663
26683
26693
26733
26753
26773
26803
26813
26863
26963
26983
27003
27013
27113
27143
27163
27183
27193
27203
27213
27223
27263
27283
27323
27363
27393
27403
27413
27443
27493
27503
27543
27573
27583
27613
27643
27653
27683
27703
27733
27773
27803
27823
27843
27853
27883
27893
27913
27963
28013
28053
28093
28133
28233
28273
28283
28323
28363
28373
28393
28433
28443
28453
28463
28483
28673
28733
28753
28803
28833
28883
28893
28913
28933
28963
29023
29063
29123
29133
29173
29183
29233
29253
29263
29323
29383
29403
29503
29523
29653
29683
29723
29763
29913
29973
30023
30063
30073
30083
30123
30153
30213
30223
30243
30293
30303
30323
30363
30403
30433
30463
30493
30563
30603
30613
30643
30653
30713
30743
30913
31083
31183
31243
31263
31373
31533
31613
31633
31643
31703
31713
31753
31763
31773
31803
31823
31883
31893
31913
31973
31983
31993
32073
32233
32283
32293
32353
32363
32393
32523
32663
32793
32803
32853
32963
33013
33093
33123
33173
33203
33323
33373
33783
33793
33813
33903
33983
34033
34053
34083
34093
34103
34223
34403
34433
34453
34483
34493
34923
35123
35323
35343
35413
35553
35743
35923
35963
36163
36383
36523
36783
36843
36893
36903
36913
36943
36983
36993
37043
37073
37213
37233
37313
37393
37523
37553
37583
37723
37733
37743
37773
37803
37833
37973
38053
38183
38223
38303
38373
38403
38413
38513
38533
38583
38613
38643
38653
38713
39113
39163
39233
39283
39533
39673
39693
39743
39763
39793
39803
39833
39853
39873
39883
39903
39963
40093
40133
40183
40193
40283
40303
40323
40333
40373
40383
40413
40463
40623
40673
40763
40833
40843
40873
40923
41033
41073
41223
41253
41263
41383
41413
41523
41653
41703
41863
41983
41993
42023
42063
42083
42173
42183
42273
42313
42363
42613
42633
42763
42783
42803
42813
42913
43143
43203
43213
43303
43353
43543
43623
43683
43743
43753
43773
43873
43963
43983
44063
44073
44183
44303
44443
44513
44543
44573
44603
44673
44743
44773
44873
44913
44923
44943
44963
44973
45193
45203
45243
45283
45323
45363
45503
45593
45713
45983
46003
46013
46043
46283
46493
46633
46763
46923
46953
47043
47073
47133
47343
47373
47393
47433
47483
47513
47523
47543
47603
47733
47753
47823
47863
47883
47903
47943
47963
48003
48083
48163
48203
48293
48313
48403
48533
48693
48813
48913
48963
48993
49103
49163
49173
49263
49343
49373
49413
49973
50123
50133
50173
50233
50253
50283
50333
50343
50353
50383
50443
50573
50793
50833
50843
50853
50893
51033
51103
51113
51143
51263
51343
51363
51403
51493
51523
51593
51643
51683
51893
51913
51933
52003
52063
52073
52083
52153
52183
52403
52413
52453
52503
52523
52553
52573
52633
52673
52933
53023
53033
53113
53133
53173
53183
53203
53243
53263
53383
53503
53603
53683
53703
53713
53753
53763
53893
53933
53973
54023
54033
54043
54083
54183
54273
54363
54423
54443
54453
54583
54713
54923
54953
55233
55393
55503
55513
55613
55623
55713
55783
55793
55953
56033
56083
56253
56313
56453
56463
56523
56583
56773
56863
56933
56943
56983
57083
57113
57303
57403
57473
57623
57993
58033
58083
58163
58233
58293
58373
58423
58463
58503
58603
58713
58723
58843
58953
58973
58993
59163
59293
59353
59383
59443
59513
59603
59613
59693
59703
59723
59733
59823
59933
59983
60073
60223
60363
60403
60543
60593
60613
60623
60673
60723
60743
60773
60803
60833
60913
60953
61033
61053
61203
61313
61363
61373
61423
61433
61443
61473
61493
61553
61583
61603
61713
61733
61773
61833
61863
62113
62123
62203
62263
62273
62293
62453
62493
62553
62563
62683
62743
62753
62773
63153
63193
63293
63303
63353
63473
63493
63563
63693
63783
63813
63903
63913
64003
64033
64043
64053
64143
64163
64193
64253
64283
64473
64483
64493
64513
64533
64683
64693
64783
64823
64903
64923
65003
65043
65133
65143
65223
65283
65293
65373
65383
65443
65603
65783
65793
65823
65843
65933
65943
65973
66053
66103
66143
66253
66303
66353
66423
66463
66533
66543
66563
66663
66733
66753
66763
66823
66883
66953
67053
67073
67163
67183
67213
67293
67333
67373
67473
67503
67543
67553
67623
67633
67653
67823
67853
67893
67903
67993
68023
68073
68083
68223
68283
68363
68543
68553
68603
68613
68653
68663
68693
68703
68793
68893
68903
68913
68973
69043
69163
69203
69303
69493
69513
69563
69613
69763
69773
69803
69853
69883
69963
70013
70153
70213
70293
70343
70353
70363
70393
70613
70773
71033
71103
71273
71443
71553
71833
71893
71923
72043
72093
72173
72223
72253
72423
72523
72723
72753
72793
72833
72933
72953
73043
73063
73233
73303
73313
73373
73463
73543
73553
73593
73633
73743
73783
74123
74243
74263
74303
74493
74573
74643
74663
74693
74763
74823
74963
75013
75113
75193
75293
75353
75383
75453
75473
75593
75623
75633
75643
75703
75753
75773
75803
75843
75943
75963
76053
76163
76183
76193
76203
76233
76263
76323
76333
76383
76433
76693
76703
76743
76753
76793
76943
77093
77233
77243
77283
77323
77403
77453
77553
77573
77783
77813
78033
78133
78193
78273
78293
78853
78873
78903
78913
78923
78933
78953
78983
79003
79113
79163
79173
79253
79403
79503
79523
79533
79603
79613
79623
79673
79683
79753
79763
79913
79933
79943
79993
80113
80143
80553
80563
80593
80633
80783
80803
80823
80953
81013
81093
81143
81203
81243
81313
81353
81393
81413
81553
81573
81753
81773
81813
81893
81993
82043
82133
82153
82233
82253
82443
82913
82933
82953
84373
85893
86663
87593
89463
89473
91773
92823
96223
97493
97673
98233
98363
102573
103073
103683
103843
105033
105173
106133
106283
106323
106563
107433
107773
107903
108393
108793
108883
109863
110153
110933
111393
111833
113033
116063
121463
125943
128793
129143
130693
139233
139712
141883
142823
145503
147723
147843
148573
149303
150653
150843
151563
153693
153723
153793
154453
154813
155163
157033
158173
158723
160843
164693
165363
165383
165523
166303
166523
167003
167113
167663
168493
169583
170383
174013
174233
174603
174703
174783
180673
180783
184233
185133
185603
186293
188183
188363
188653
191023
191373
191713
192843
195553
195753
195983
199383
199993
200713
200873
201443
201803
202223
202373
202993
203003
203253
203283
203413
203593
203623
203923
204263
204473
205683
205793
205823
205993
206023
206103
206403
207073
208153
208853
208993
209633
210253
210363
211353
211613
212293
212843
213073
213353
213413
213803
213813
214883
214963
214993
215033
216953
217873
218413
218433
218753
219493
219543
219963
220583
221173
222533
223773
223923
224653
224763
225503
225613
225643
229633
231873
232983
233053
235703
236023
236383
236403
237073
238243
238743
239923
240483
241423
242623
242643
242713
243683
244583
248603
249103
251283
252313
253213
253903
254583
255093
255253
255283
255653
256323
256953
257393
258473
259553
260523
261703
262203
262403
263853
264153
264843
265053
265743
265833
266043
268283
268843
268913
269423
269453
270233
270553
270663
270853
272073
272433
274353
275063
277103
280253
280693
281323
281743
281783
281873
282173
286713
286863
287483
290703
290873
292433
292993
294883
294963
299823
301503
303053
305533
307933
308813
310303
311223
313903
318933
320723
321333
323543
323773
324993
325343
325473
326323
326783
327993
330893
331243
332113
333553
333773
335073
338283
343983
344093
344933
345693
347653
348243
350813
351123
353443
355593
357273
357693
358323
359083
359813
360013
366633
366753
367303
367673
367943
370453
374353
374453
374553
376233
376543
377823
379363
380233
380583
382493
388353
389203
389773
389913
390453
390713
391343
391893
392043
392273
393513
394503
395853
396283
402833
407163
408023
408143
410103
411763
412583
413463
413953
414153
414373
414873
416313
418153
419833
420203
421463
421923
424953
427153
427273
427553
428713
429273
429393
432133
432283
433813
434913
435463
438103
440173
440513
443723
445023
445993
446953
451143
452823
452933
453443
454083
455593
455633
456413
459073
460713
461523
463333
464683
464703
468203
468343
468573
470093
470503
470913
472343
472393
473213
474423
475033
476833
478813
480203
481363
483153
484083
484303
489573
491393
491413
493393
494033
494353
494473
500603
501233
507123
507163
507473
508263
514123
515533
516933
518023
518203
519933
521933
523543
526803
528193
528583
529973
530353
534373
534623
536753
541123
541433
542333
542503
543933
544033
545593
546133
546773
546873
547943
551943
553403
554953
558573
558893
561373
563873
564633
566373
568133
568263
568323
569593
572583
578073
579093
580493
581753
582223
584333
584933
586003
586093
586353
587723
587773
587933
588853
589623
591143
593083
593093
593363
596693
596923
597863
599893
602373
605073
606873
606993
607003
607023
607053
607103
607223
607383
607413
607473
607503
607513
607523
607553
607603
607713
607763
607973
607983
608073
608183
608203
608263
608383
608403
608433
608643
608783
608983
609163
609173
609183
609193
609313
609333
609383
609493
609563
609643
609653
609693
609773
609793
609803
609823
609863
609883
609923
609953
609973
610013
610183
610193
610243
610433
610473
610493
610513
610523
610543
610713
610843
610933
611073
611103
611113
611123
611203
611333
611353
611383
611403
611413
611483
611543
611583
611733
611753
611813
611863
611873
612093
612123
612133
612143
612183
612273
612333
612413
612543
612593
612633
612643
612663
612703
612723
612743
612753
612973
613163
613173
613213
613233
613373
613403
613423
613433
613523
613703
613793
613813
613833
613863
613913
613983
614143
614173
614193
614223
614313
614663
614733
614803
614823
614883
614903
615013
615083
615113
615193
615393
615443
615543
615563
615823
615833
616243
616353
616373
616413
616563
616583
616593
616633
616663
617043
617113
617123
617173
617283
617453
617463
617473
617523
617603
617633
617843
617863
617923
618013
618023
618133
618213
618303
618353
618623
618693
618893
618993
619073
619083
619123
619163
619213
619263
619453
619503
619643
619773
619803
619893
619903
619963
620003
620143
620163
620193
620323
620353
620403
620543
620613
620713
620753
620883
620913
620963
620993
621143
621153
621203
621263
621313
621943
622043
622103
622173
622273
622283
622343
622363
622413
622453
622463
622503
622513
622603
622713
622773
622783
622993
623023
623053
623143
623263
623313
623443
623723
623743
623793
623813
623963
623993
624083
624133
624163
624203
624333
624443
624823
624853
624973
625003
625073
625213
625253
625303
625443
625463
625523
625693
625843
625913
626023
626123
626193
626273
626313
626393
626443
626563
626903
626913
626933
627023
627123
627263
627323
627343
627393
627453
627583
627593
627633
627643
627683
627803
627983
628023
628053
628143
628163
628173
628383
628543
628573
628753
628813
628843
628863
628933
628983
629003
629023
629053
629103
629223
629273
629283
629293
629423
629533
629643
629693
630393
630623
630643
630653
630753
630773
630813
630833
631013
631023
631033
631043
631053
631063
631093
631123
631143
631163
631283
631373
631393
631413
631443
631493
631513
631613
631623
631633
631653
631663
631673
631833
631883
631983
632033
632103
632153
632213
632243
632263
632273
632303
632353
632473
632563
632633
632673
632683
632723
632913
632963
632993
633073
633253
633333
633353
633563
633583
633683
633743
633783
633823
633853
633923
633993
634003
634173
634303
634343
634413
634623
634633
634683
634783
634893
635033
635133
635173
635243
635293
635373
635403
635413
635483
635843
636013
636053
636383
636433
636543
636663
637043
637063
637223
637253
637303
637363
637413
637513
637793
638013
638033
638053
638133
638153
638243
638373
638463
638943
638953
639033
639053
639073
639113
639233
639243
639263
639313
639333
639453
639623
639813
640123
640173
640693
640853
640863
640933
640963
640993
641023
641223
641513
641593
641653
641683
641733
641973
642023
642133
642193
642213
642363
642433
642473
642583
642743
642893
642903
642933
643043
643133
643593
643833
643883
643893
643913
643933
644023
644143
644173
644253
644433
644453
644533
644543
644563
644573
644633
644723
644743
644833
644843
644953
644973
645093
645163
645203
645393
645413
645553
645643
645703
645833
645973
646183
646203
646273
646373
646443
646583
646643
646723
646783
646833
646843
647033
647083
647133
647153
647183
647433
647593
647613
647623
647733
647743
647763
647833
647893
647923
647953
647983
648063
648363
648383
648413
648463
648693
648713
648733
648753
648763
648793
648823
648903
648913
648923
648933
649013
649023
649033
649093
649323
649343
649563
649603
649733
649753
649803
649833
649903
649923
650023
650073
650153
650163
650313
650353
650373
650563
650583
650623
650633
651313
651323
651383
651393
651463
651513
651753
651773
651783
651793
651873
651903
651933
652103
652133
652143
652523
652673
652743
652873
652883
652923
652933
653023
653033
653043
653073
653123
653303
653373
653483
653543
653633
653663
653683
653693
653723
653753
653783
653793
653883
654263
654453
654503
654513
654693
654783
654823
654843
654893
654933
654993
655113
655243
655323
655373
655463
655483
655543
655643
655833
655853
656173
656193
656203
656283
656413
656473
656563
656723
656733
656913
656993
657003
657033
657153
657253
657343
657363
657423
657663
657673
657823
657993
658243
658333
658443
658453
658483
658533
658573
658593
658613
658623
658653
658743
658843
658863
658873
658913
658973
658993
659143
659163
659173
659443
659473
659543
659593
659603
659623
659673
659683
659773
659853
659973
660003
660023
660043
660113
660153
660223
660233
660243
660673
660763
660773
660803
660913
660933
660973
660983
661033
661083
661283
661423
661453
661463
661673
661923
661993
662113
662133
662163
662183
662273
662483
662503
662653
662713
662853
662903
663003
663013
663073
663103
663183
663243
663263
663273
663453
663483
663493
663513
663553
663693
663763
663773
663803
663883
663913
663973
664053
664063
664113
664223
664293
664313
664343
664403
664463
664533
664543
664563
664583
664673
664773
664833
664873
664923
664933
664983
665053
665103
665213
665243
665273
665363
665433
665693
665883
666093
666123
666233
666253
666263
666323
666383
666393
666453
666493
666643
666733
666793
666843
666953
667053
667063
667093
667133
667143
667373
667453
667483
667653
667743
667793
667813
667953
668203
668323
668403
668713
668933
669013
669023
669073
669123
669153
669523
669613
669893
669933
670113
670153
670323
670333
670353
670383
670663
670673
670683
670943
671023
671033
671113
671173
671383
671403
671883
672013
672023
672213
672523
672543
672563
672683
672773
672853
672913
672953
673053
673143
673173
673293
673393
673423
673433
673563
673683
673713
673783
673833
673853
673963
674003
674053
674073
674153
674183
674253
674273
674333
674343
674363
674443
674513
674583
674633
674693
674773
674823
674833
674903
674913
674933
674953
674973
675053
675083
675093
675223
675233
675343
675433
675463
675523
675743
675753
675813
675833
675843
675893
675943
675953
676023
676223
676283
676313
676353
676383
676693
676753
676773
676843
677033
677093
677213
677253
677263
677293
677343
677453
677483
677503
677813
677843
677893
677973
677983
678243
678373
678523
678553
678733
678743
678833
678903
678923
679023
679033
679093
679203
679373
679383
679413
679433
679453
679593
679603
679713
679753
679943
679963
680343
680393
680463
680503
680603
680623
680813
681273
681303
681323
681423
681433
681553
681583
681613
681773
681803
681923
681953
682033
682083
682103
682173
682203
682233
682383
682513
682733
682893
682983
683053
683103
683223
683243
683353
683413
683543
683733
683743
683863
683883
683893
683943
684353
684423
684433
684513
684753
684853
684863
685003
685033
685093
685253
685263
685353
685403
685413
685463
685493
685633
685653
685723
685943
685963
686123
686143
686153
686203
686213
686223
686243
686253
686313
686373
686423
686513
686533
686573
686683
686823
686963
686983
687043
687073
687133
687323
687493
687693
687723
687753
687813
687823
688283
688303
688383
688433
688463
688633
688773
688993
689033
689133
689203
689243
689323
689363
689453
689523
689533
689733
689743
689873
689893
690123
690193
690233
690353
690453
690583
690613
690633
690713
690933
691033
691103
691163
691183
691203
691293
691483
691533
691733
691793
691843
692033
692053
692073
692223
692323
692443
692573
692593
692633
692673
692733
692743
692783
692833
692963
693063
693143
693213
693393
693573
693603
693643
693653
693873
694163
694173
694193
694213
694473
694753
694773
694783
694903
695003
695113
695123
695273
695283
695313
695343
695663
695743
695833
695883
695973
696023
696123
696173
696233
696253
696353
696443
696623
696673
696723
696733
696883
696983
697003
697013
697093
697123
697133
697173
697233
697283
697443
697503
697583
697693
697953
697963
698033
698073
698153
698173
698203
698253
698273
698423
698433
698443
698473
698503
698543
698563
698713
698753
698783
698963
698993
699043
699133
699413
699503
699523
699533
699603
699643
699653
699713
699803
699813
699863
699933
699943
700003
700063
700103
700113
700163
700333
700383
700403
700433
700503
700633
700673
700723
700733
700753
700783
700803
700843
700893
700903
700933
700983
701063
701083
701113
701123
701143
701193
701223
701303
701483
701533
701873
701893
701933
701973
702063
702093
702193
702353
702423
702453
702493
702753
702843
702973
702983
703033
703063
703113
703263
703293
703363
703473
703483
703603
703653
703713
703743
703983
704053
704273
704373
704503
704583
704603
704643
704653
704833
704903
705033
705043
705073
705203
705313
705413
705463
705503
705523
705603
705783
705793
705813
705863
705883
705903
705993
706023
706203
706243
706363
706383
706513
706603
706613
706633
706713
706793
706813
706863
706883
706983
707033
707073
707263
707323
707463
707483
707583
707593
707643
707743
707763
707823
707923
707993
708043
708343
708353
708593
708683
708743
708803
708983
709103
709123
709193
709213
709243
709253
709323
709413
709583
709603
709613
709633
709643
709883
709953
709983
710053
710063
710123
710173
710253
710303
710463
710583
710623
710633
710673
710713
710793
710823
711033
711183
711193
711233
711283
711343
711383
711393
711463
711473
711513
711563
711593
711603
711683
711743
711973
712073
712123
712133
712193
712363
712553
712573
712583
712623
712633
712723
712853
712873
713053
713203
713243
713343
713473
713513
713563
713673
713773
713823
713893
713963
714043
714053
714113
714133
714173
714213
714233
714253
714263
714323
714513
714603
714733
714853
714893
714933
715093
715213
715393
715403
715483
715563
715573
715643
715733
715873
715943
715963
715983
716163
716173
716283
716423
716503
716573
716613
716793
716913
716973
717143
717253
717273
717423
717453
717493
717523
717533
717593
717633
717653
717693
717703
717713
717723
717763
717773
717803
718283
718353
718453
718513
718593
718663
718903
718943
718983
719003
719053
719103
719163
719193
719453
719473
719533
719713
719773
719803
719873
719903
719963
719973
720063
720073
720163
720203
720223
720253
720293
720553
720633
720993
721013
721043
721193
721213
721313
721383
721423
721513
721533
721543
721603
721643
721783
721873
721953
721983
722013
722083
722113
722203
722253
722333
722403
722413
722483
722513
722583
722613
722683
722713
723153
723193
723213
723233
723273
723383
723553
723593
723743
723843
723923
724033
724053
724073
724113
724163
724183
724193
724283
724343
724363
724373
724463
724533
724663
724703
724843
724963
725023
725163
725263
725283
725373
725383
725403
725433
725623
725693
725703
725773
725853
725893
726013
726033
726153
726173
726203
726243
726323
726363
726543
726773
726813
726873
726883
726913
726933
726953
726993
727023
727093
727183
727323
727473
727663
727683
727703
727723
727803
727823
727893
727913
728043
728123
728143
728193
728333
728443
728473
728743
728753
728813
728933
729163
729173
729223
729313
729353
729463
729473
729513
729553
729563
729633
729643
729923
729983
729993
730003
730093
730183
730223
730413
730443
730483
730763
730783
730793
730813
730843
730853
730863
730893
730953
731063
731113
731143
731183
731303
731333
731343
731373
731423
731433
731473
731523
731543
731603
731623
731723
731783
732113
732293
732373
732403
732603
732703
732753
732793
732803
732963
732973
733043
733053
733083
733133
733193
733213
733283
733423
733583
733693
733753
734013
734133
734443
734543
734553
734593
734663
734783
734893
734943
735043
735173
735303
735343
735363
735473
735733
735833
735893
736083
736113
736363
736373
736413
736443
736493
736533
736543
736573
736603
736643
736683
736703
736723
736833
736893
736903
736993
737013
737043
737053
737143
737163
737263
737453
737473
737513
737553
737563
737613
737733
737783
737853
738093
738193
738233
738343
738363
738373
738413
738463
738653
738813
738873
739013
739063
739253
739313
739393
739493
739713
739873
739993
740013
740033
740083
740103
740193
740283
740303
740363
740513
740613
740693
740813
740893
740953
741013
741093
741273
741343
741353
741383
741393
741633
741673
741713
741833
741863
741873
741953
742023
742133
742253
742283
742313
742493
742503
742513
742523
742543
742663
742693
742743
742753
742823
742873
742893
742963
742983
742993
743223
743233
743253
743323
743613
743703
743813
743933
744173
744213
744223
744323
744363
744393
744493
744553
744563
744633
744743
744773
744833
745003
745013
745033
745153
745163
745223
745353
745483
745603
745713
745883
745953
746063
746093
746273
746303
746333
746453
746463
746483
746733
746763
746853
746873
746903
746933
746993
747013
747033
747053
747093
747173
747183
747193
747233
747253
747333
747343
747393
747643
747683
747853
747873
747923
748113
748263
748853
748863
749033
749073
749223
749283
749423
749473
749503
749543
749573
749593
749603
749623
749743
749763
749783
749803
749823
749883
749903
749933
749973
750053
750103
750143
750333
750443
750463
750503
750523
750723
750853
750903
750923
750953
750983
751063
751183
751353
751513
751523
751643
751673
751733
751753
752153
752173
752273
752433
752513
752543
752623
752683
752873
752913
752923
753013
753163
753413
753523
753563
753613
753673
753773
753853
753893
753983
754093
754103
754153
754183
754413
754438
754451
754457
754462
754464
754465
754467
754477
754483
754484
754490
754494
754499
754501
754502
754508
754529
754530
754534
754541
754550
754551
754553
754574
754575
754579
754583
754588
754591
754610
754612
754619
754652
754653
754672
754676
754679
754680
754683
754687
754689
754695
754707
754712
754734
754736
754765
754774
754777
754783
754790
754795
754796
754811
754816
754817
754827
754842
754843
754848
754852
754853
754854
754855
754856
754862
754868
754880
754882
754883
754887
754909
754911
754921
754923
754936
754939
754944
754950
754953
754955
754960
754985
755004
755009
755017
755021
755033
755048
755050
755051
755052
755057
755062
755075
755101
755115
755117
755121
755124
755129
755133
755134
755137
755138
755144
755148
755162
755167
755173
755185
755193
755207
755219
755229
755231
755235
755244
755245
755260
755273
755275
755276
755285
755289
755290
755308
755319
755337
755339
755349
755359
755375
755376
755383
755402
755403
755412
755419
755421
755422
755432
755445
755447
755451
755472
755483
755506
755509
755511
755522
755523
755538
755542
755543
755548
755553
755555
755557
755560
755572
755576
755584
755591
755600
755606
755609
755610
755622
755625
755635
755640
755649
755665
755670
755672
755673
755674
755676
755688
755690
755704
755719
755726
755730
755736
755740
755750
755762
755764
755767
755782
755793
755802
755807
755824
755836
755846
755847
755848
755849
755853
755869
755877
755889
755892
755895
755897
755899
755900
755906
755907
755912
755914
755915
755927
755935
755942
755965
755974
755986
755993
755999
756016
756028
756032
756042
756052
756056
756060
756068
756071
756087
756088
756111
756112
756131
756136
756153
756157
756159
756163
756165
756169
756175
756181
756190
756195
756198
756209
756214
756218
756226
756253
756269
756270
756271
756272
756282
756285
756291
756301
756303
756311
756326
756334
756346
756358
756370
756374
756380
756384
756388
756389
756401
756406
756413
756414
756416
756429
756430
756437
756449
756450
756453
756454
756470
756472
756474
756530
756535
756551
756552
756574
756576
756577
756599
756609
756618
756622
756638
756642
756669
756682
756703
756725
756863
756870
756874
756896
756908
756911
756943
756955
756966
757013
757026
757027
757044
757083
757105
757145
757162
757169
757198
757199
757217
757221
757251
757304
757323
757327
757373
757421
757440
757477
757656
757657
757696
757722
757727
757803
757807
757810
757833
757861
757877
757894
757927
757977
757992
758001
758027
758053
758078
758106
758115
758121
758123
758134
758206
758208
758216
758232
758240
758250
758253
758292
758302
758327
758343
758345
758377
758387
758395
758451
758454
758476
758489
758492
758496
758498
758509
758514
758535
758547
758557
758581
758591
758598
758601
758669
758680
758699
758700
758710
758731
758750
758753
758770
758773
758827
758879
758925
758975
758987
759001
759093
759130
759188
759199
759210
759267
759334
759358
759360
759384
759392
759412
759453
759461
759474
759518
759529
759537
759593
759596
759618
759645
759667
759717
759722
759739
759766
759769
759788
759811
759866
759881
759903
759904
759912
759913
759947
759978
759983
760004
760022
760080
760123
760126
760131
760136
760151
760197
760232
760234
760245
760251
760262
760337
760346
760360
760362
760369
760390
760415
760449
760469
760474
760479
760527
760537
760547
760563
760593
760649
760687
760701
760706
760707
760732
760751
760774
760775
760792
760826
760870
760871
760877
760880
760934
760956
760959
760998
761000
761016
761038
761063
761068
761079
761095
761130
761158
761172
761247
761286
761294
761301
761310
761337
761356
761445
761462
761482
761499
761510
761525
761568
761608
761616
761635
761644
761692
761716
761724
761769
761792
761794
761796
761806
761822
761848
761869
761874
761891
761910
761925
761979
761983
762006
762021
762071
762072
762080
762112
762149
762166
762167
762188
762224
762252
762283
762303
762315
762337
762354
762366
762380
762409
762421
762430
762434
762450
762457
762458
762466
762503
762508
762535
762578
762583
762601
762613
762636
762646
762653
762664
762694
762703
762725
762742
762751
762752
762756
762796
762829
762882
762919
762966
762970
763036
763077
763083
763097
763137
763210
763315
763325
763359
763368
763430
763442
763535
763557
763565
763574
763602
763616
763620
763625
763646
763647
763654
763662
763687
763692
763703
763767
763789
763811
763823
763842
763843
763853
763859
763872
763888
763914
763918
763921
763922
763946
763958
763977
763989
764005
764088
764113
764148
764150
764174
764193
764209
764269
764278
764283
764288
764289
764293
764296
764331
764337
764352
764358
764362
764372
764375
764379
764380
764395
764404
764409
764423
764424
764457
764481
764491
764496
764503
764522
764536
764560
764563
764609
764623
764680
764687
764715
764717
764778
764783
764797
764814
764910
764932
764945
764948
764951
764960
764976
765054
765094
765174
765212
765282
765308
765316
765372
765395
765406
765426
765455
765467
765473
765475
765485
765490
765642
765647
765670
765692
765732
765740
765779
765787
765789
765800
765824
765871
765889
765921
765945
766000
766026
766060
766066
766069
766076
766103
766168
766199
766212
766267
766311
766337
766352
766357
766381
766385
766399
766411
766412
766425
766426
766472
766493
766498
766541
766544
766555
766609
766655
766681
766693
766712
766775
766798
766820
766888
766903
766912
766951
766999
767023
767026
767041
767075
767083
767151
767166
767200
767217
767270
767318
767345
767370
767375
767407
767429
767440
767455
767512
767572
767589
767624
767640
767648
767649
767656
767661
767664
767688
767699
767706
767728
767791
767797
767826
767835
767836
767879
767902
767948
767954
767958
767984
768026
768035
768050
768062
768116
768141
768161
768170
768227
768262
768310
768372
768404
768413
768415
768464
768468
768572
768594
768600
768603
768645
768652
768656
768701
768706
768792
768835
768837
768840
768919
768921
768959
768963
768993
769014
769023
769066
769084
769120
769124
769140
769146
769187
769190
769191
769237
769244
769306
769326
769358
769379
769385
769399
769443
769454
769462
769483
769604
769633
769642
769646
769671
769711
769713
769726
769786
769852
769872
769886
769981
770000
770013
770025
770123
770216
770225
770336
770359
770378
770417
770427
770474
770485
770519
770565
770566
770569
770632
770705
770718
770744
770779
770821
770855
770890
771289
771305
771345
771429
771480
771494
771576
771592
771616
771657
771682
771715
771727
771739
771782
771793
771838
771885
771943
771985
772010
772025
772032
772052
772072
772155
772162
772193
772249
772253
772259
772271
772292
772310
772351
772352
772378
772431
772447
772457
772470
772479
772544
772546
772565
772601
772613
772627
772634
772635
772657
772703
772729
772744
772781
772921
772932
772969
773005
773018
773022
773026
773030
773032
773033
773088
773093
773102
773128
773134
773189
773194
773233
773239
773260
773270
773277
773357
773359
773437
773458
773481
773504
773520
773527
773528
773555
773558
773572
773573
773623
773642
773672
773697
773701
773725
773744
773769
773778
773832
773965
773986
773995
774003
774114
774128
774174
774184
774220
774258
774267
774297
774305
774412
774434
774467
774534
774538
774586
774602
774649
774654
774662
774705
774737
774760
774766
774784
774790
774847
774879
774888
774899
774903
774905
774976
775075
775081
775091
775100
775110
775165
775167
775210
775212
775216
775221
775229
775232
775242
775253
775261
775301
775335
775368
775383
775442
775445
775455
775511
775558
775569
775663
775737
775781
775800
775833
775836
775983
775993
776091
776096
776117
776166
776175
776220
776224
776232
776246
776384
776397
776470
776473
776546
776556
776558
776591
776635
776638
776673
776842
776865
776878
776914
776926
776939
776949
776950
776963
776983
777031
777045
777109
777129
777138
777142
777153
777165
777169
777223
777241
777249
777319
777320
777324
777352
777379
777403
777425
777455
777479
777492
777505
777516
777522
777525
777538
777600
777635
777636
777651
777668
777671
777683
777703
777710
777717
777721
777723
777730
777770
777779
777802
777811
777815
777861
777896
777914
777931
777942
777952
777968
777983
777989
778036
778041
778061
778117
778169
778180
778193
778254
778283
778286
778299
778323
778381
778439
778510
778538
778547
778586
778600
778611
778663
778667
778696
778718
778723
778727
778735
778790
778802
778805
778923
778970
779012
779036
779074
779104
779110
779116
779149
779157
779190
779197
779213
779245
779292
779330
779332
779341
779354
779355
779382
779396
779424
779443
779478
779495
779497
779512
779545
779549
779606
779613
779623
779628
779667
779708
779716
779830
779836
779842
779871
779899
779905
779924
779925
779933
779941
779979
780043
780045
780054
780070
780089
780146
780156
780185
780202
780220
780291
780350
780371
780389
780391
780397
780411
780417
780435
780514
780518
780577
780600
780616
780629
780639
780695
780712
780752
780803
780816
780862
780865
780875
780899
780923
780941
780950
780993
781001
781043
781103
781119
781127
781136
781173
781276
781304
781317
781319
781324
781341
781354
781361
781373
781414
781447
781481
781483
781499
781501
781611
781619
781636
781650
781676
781690
781706
781707
781716
781735
781806
781824
781931
781944
781947
781983
781985
782040
782052
782059
782077
782079
782111
782115
782119
782139
782181
782191
782231
782237
782271
782283
782397
782415
782429
782442
782443
782448
782488
782515
782596
782597
782611
782613
782638
782665
782682
782700
782759
782760
782778
782790
782794
782798
782800
782810
782820
782824
782875
782883
782907
782915
782917
782937
782947
782964
783023
783051
783060
783067
783079
783111
783126
783163
783171
783207
783212
783245
783267
783279
783281
783329
783333
783343
783352
783355
783426
783444
783451
783476
783510
783590
783610
783612
783624
783646
783653
783676
783706
783735
783778
783779
783808
783828
783847
783999
784071
784086
784094
784170
784175
784189
784191
784205
784206
784330
784343
784345
784381
784408
784444
784460
784461
784475
784506
784511
784563
784587
784600
784617
784660
784681
784764
784796
784799
784819
784868
784922
784926
784950
785018
785025
785072
785188
785286
785299
785327
785410
785413
785444
785461
785478
785557
785564
785616
785657
785662
785683
785710
785794
785893
785918
785930
785931
785934
785942
785943
785955
786028
786031
786095
786100
786172
786177
786198
786205
786217
786230
786237
786239
786256
786269
786283
786287
786290
786397
786408
786418
786509
786539
786545
786579
786587
786597
786599
786609
786674
786679
786734
786755
786828
786877
786894
786954
786989
786991
786993
787021
787113
787125
787136
787140
787152
787177
787191
787231
787342
787344
787382
787526
787537
787558
787666
787702
787716
787718
787722
787749
787773
787788
787826
787845
787886
787920
787925
787936
788005
788032
788037
788063
788110
788119
788121
788179
788182
788184
788189
788219
788228
788259
788266
788273
788298
788321
788345
788383
788405
788427
788449
788576
788595
788657
788757
788820
788934
788951
789063
789064
789118
789205
789212
789241
789242
789362
789397
789405
789435
789436
789497
789538
789555
789582
789607
789655
789711
789815
789850
789949
789954
790008
790009
790018
790050
790131
790139
790155
790235
790277
790283
790308
790334
790399
790417
790474
790484
790491
790502
790520
790527
790530
790548
790587
790623
790632
790699
790714
790751
790757
790798
790890
790906
790916
790947
790964
790972
790977
791010
791013
791104
791178
791189
791201
791248
791254
791273
791277
791281
791303
791315
791360
791380
791447
791458
791503
791511
791513
791526
791610
791631
791642
791647
791700
791711
791797
791841
791871
791936
791948
791958
791967
792016
792055
792062
792065
792087
792103
792111
792136
792156
792162
792203
792207
792209
792216
792267
792278
792314
792355
792380
792398
792402
792419
792433
792482
792522
792582
792594
792605
792627
792657
792756
792767
792867
792891
792925
792927
793070
793143
793171
793181
793194
793197
793212
793226
793258
793280
793281
793290
793300
793309
793318
793332
793418
793458
793494
793545
793551
793564
793575
793599
793606
793609
793656
793662
793671
793674
793696
793743
793771
793780
793793
793811
793814
793819
793843
793846
793906
793932
793947
794029
794044
794062
794067
794112
794174
794196
794285
794322
794405
794411
794412
794417
794421
794426
794439
794449
794479
794494
794522
794573
794595
794606
794626
794651
794681
794705
794723
794738
794792
794821
794843
794918
794937
794943
794949
794962
794975
795002
795017
795105
795107
795114
795141
795229
795251
795269
795281
795311
795334
795344
795355
795499
795523
795566
795583
795592
795607
795638
795680
795687
795708
795748
795783
795845
795914
795916
795927
795955
795985
796013
796041
796063
796064
796078
796085
796195
796209
796234
796237
796251
796280
796283
796308
796313
796380
796393
796480
796487
796511
796518
796532
796536
796546
796550
796582
796589
796613
796616
796633
796655
796663
796777
796800
796803
796845
796893
796933
796947
796966
796978
796981
797001
797008
797035
797036
797053
797083
797084
797085
797153
797171
797216
797232
797233
797237
797275
797357
797363
797411
797426
797431
797440
797462
797521
797528
797536
797592
797605
797638
797653
797686
797706
797779
797795
797888
797903
797917
797930
797968
798106
798147
798280
798298
798322
798326
798354
798439
798447
798454
798504
798506
798518
798529
798551
798604
798624
798708
798725
798740
798745
798765
798769
798811
798836
798853
798874
798886
798903
798909
798941
798954
798957
798974
798984
799003
799010
799031
799145
799146
799162
799170
799175
799200
799203
799220
799223
799255
799258
799290
799334
799341
799348
799379
799381
799404
799420
799482
799485
799516
799517
799521
799543
799549
799588
799638
799643
799663
799744
799770
799808
799810
799842
799855
799872
799875
799881
799901
799935
799985
799994
800003
800027
800067
800072
800132
800169
800181
800193
800252
800255
800256
800281
800296
800318
800432
800434
800451
800481
800526
800541
800552
800558
800613
800621
800644
800647
800683
800686
800718
800742
800770
800791
800803
800822
800854
800876
800965
800989
801047
801049
801098
801125
801136
801138
801152
801223
801235
801236
801264
801270
801338
801359
801430
801470
801482
801540
801605
801634
801641
801658
801746
801805
801858
802084
802143
802245
802249
802256
802271
802278
802285
802294
802307
802330
802335
802340
802418
802435
802455
802532
802541
802556
802591
802597
802622
802667
802729
802774
802781
802784
802832
802862
802870
802879
802887
802944
802954
802971
802980
802986
803009
803012
803026
803042
803084
803102
803142
803155
803163
803174
803175
803216
803220
803225
803233
803263
803322
803371
803487
803518
803530
803548
803552
803610
803644
803647
803687
803709
803811
803893
803901
803947
803984
803989
804016
804032
804038
804107
804111
804123
804124
804132
804139
804155
804168
804209
804223
804243
804320
804351
804386
804389
804424
804433
804441
804442
804446
804456
804460
804482
804503
804586
804596
804599
804604
804673
804722
804728
804747
804883
804892
804918
804952
804964
805018
805049
805081
805107
805140
805173
805217
805226
805238
805259
805294
805309
805331
805349
805354
805393
805414
805430
805478
805500
805516
805528
805539
805558
805582
805647
805651
805676
805706
805731
805795
805808
805810
805823
805870
805889
805890
805891
805942
805956
805992
806017
806108
806114
806141
806161
806175
806176
806199
806223
806227
806279
806300
806313
806326
806333
806387
806414
806419
806428
806469
806480
806484
806503
806513
806526
806572
806576
806616
806625
806656
806673
806674
806691
806701
806773
806781
806806
806820
806836
806866
806886
806903
806995
807050
807070
807078
807080
807100
807117
807215
807230
807232
807260
807273
807337
807367
807436
807453
807465
807489
807505
807509
807562
807580
807590
807598
807623
807665
807774
807787
807790
807798
807829
807851
807861
807870
807882
807893
807952
808061
808074
808110
808124
808132
808160
808168
808169
808193
808226
808239
808245
808273
808311
808350
808359
808385
808392
808410
808451
808490
808516
808574
808594
808652
808663
808672
808705
808859
808863
808864
808882
808883
808889
808910
808931
808973
809002
809009
809075
809081
809097
809169
809185
809201
809220
809307
809441
809466
809485
809521
809526
809573
809670
809729
809750
809772
809799
809812
809844
809849
809869
809960
809966
809985
810010
810028
810040
810044
810086
810097
810106
810155
810172
810192
810195
810206
810222
810226
810228
810232
810264
810276
810319
810355
810373
810387
810408
810462
810464
810483
810582
810588
810615
810644
810709
810725
810729
810731
810740
810843
810858
810877
810879
810887
810915
810932
810961
811018
811042
811088
811127
811141
811152
811235
811244
811280
811307
811319
811353
811365
811383
811389
811421
811423
811487
811543
811549
811562
811577
811628
811646
811674
811684
811762
811786
811789
811793
811874
811893
811903
811907
811912
811916
811919
811925
811952
811965
811982
811992
812009
812010
812051
812058
812068
812079
812093
812097
812104
812131
812154
812190
812196
812201
812221
812227
812247
812291
812304
812319
812341
812374
812382
812442
812466
812530
812589
812628
812655
812683
812700
812769
812772
812787
812802
812915
812930
812985
813018
813028
813040
813044
813065
813095
813114
813177
813196
813300
813316
813325
813378
813400
813412
813420
813447
813473
813477
813519
813547
813548
813558
813563
813605
813613
813615
813630
813653
813677
813704
813708
813735
813773
813775
813836
813837
813839
813851
813871
813908
813929
813957
814022
814093
814157
814166
814197
814215
814221
814236
814257
814318
814324
814368
814391
814394
814409
814431
814448
814479
814492
814527
814531
814534
814546
814562
814565
814568
814572
814584
814623
814640
814661
814697
814703
814709
814727
814758
814764
814776
814786
814796
814799
814813
814819
814848
814868
814882
814884
814897
814909
814941
814973
814990
814994
815034
815056
815057
815082
815131
815152
815196
815220
815227
815250
815257
815272
815336
815342
815385
815387
815388
815400
815407
815425
815451
815460
815469
815493
815508
815533
815541
815574
815580
815609
815619
815620
815626
815725
815798
815801
815805
815816
815840
815891
815917
815920
815958
815962
816024
816040
816047
816081
816101
816107
816141
816188
816204
816240
816254
816306
816332
816349
816375
816395
816396
816397
816408
816441
816444
816455
816482
816488
816522
816577
816597
816619
816656
816671
816682
816687
816697
816764
816765
816770
816775
816792
816796
816808
816820
816847
816859
816874
816903
816939
816955
816961
816990
816991
817007
817074
817081
817085
817096
817131
817133
817172
817186
817201
817235
817236
817242
817262
817278
817296
817303
817390
817408
817413
817427
817429
817450
817466
817480
817506
817531
817550
817558
817581
817594
817642
817644
817661
817665
817672
817675
817698
817715
817722
817729
817747
817763
817768
817868
817890
817919
817936
817948
817959
817962
817995
818034
818044
818051
818068
818104
818105
818118
818132
818137
818158
818169
818210
818235
818246
818267
818270
818290
818330
818352
818411
818439
818442
818456
818465
818475
818507
818534
818537
818622
818630
818673
818674
818707
818743
818765
818837
818858
818862
818869
818895
818910
818995
819053
819085
819100
819103
819125
819238
819250
819282
819324
819337
819356
819384
819437
819443
819456
819469
819505
819530
819533
819583
819595
819622
819693
819723
819874
819893
819929
819955
819970
820009
820022
820034
820039
820053
820064
820071
820078
820137
820147
820166
820233
820248
820283
820298
820314
820395
820416
820497
820533
820555
820652
820655
820680
820707
820709
820728
820736
820745
820747
820787
820811
820834
820836
820855
820869
820897
820898
820930
820934
820964
820994
821013
821032
821107
821145
821202
821214
821219
821276
821347
821350
821359
821362
821364
821388
821413
821414
821455
821457
821479
821483
821548
821561
821641
821644
821671
821698
821715
821740
821769
821779
821786
821788
821829
821830
821844
821847
821872
821918
821925
821976
821981
821999
822008
822016
822052
822054
822066
822071
822090
822106
822118
822154
822178
822223
822232
822351
822435
822538
822645
822704
822720
822725
822803
822804
822818
822826
822860
822919
822946
822959
822997
823024
823030
823041
823048
823076
823077
823113
823114
823116
823133
823148
823155
823169
823183
823197
823198
823223
823256
823282
823285
823337
823341
823352
823363
823379
823399
823558
823575
823637
823753
823843
823861
823887
823893
823926
823960
824027
824030
824035
824061
824091
824140
824177
826001
826041
826991
827271
827351
827531
827771
828001
828091
828371
828401
828441
828491
828911
829051
829501
829791
830321
830391
830461
830591
830911
831031
831401
831631
831701
831881
832061
832391
832721
832901
833531
833691
834501
834581
835011
835061
835111
835161
835411
835671
836371
836661
836811
837271
837551
837721
838871
838951
838991
839091
839171
839471
839701
839801
840311
841001
841041
841101
841241
841371
841471
841621
841631
841961
842071
842381
842521
842671
842711
842981
843091
843121
843251
843821
844031
844051
844471
844841
844851
844901
845381
845421
845571
845951
846181
846221
846581
846851
847991
848111
848881
849171
849911
850071
850321
850911
851481
851581
851831
853041
853131
853491
853601
853711
853881
854031
854061
854501
854641
854791
855261
855291
855331
855511
855821
855891
855991
856941
857071
857111
857151
857211
857451
858321
858411
859031
859271
859341
859461
860101
860131
860531
861301
861391
861551
861561
861801
861991
862331
862531
862601
862881
863201
863531
863601
863761
864821
865651
865931
866351
866401
866441
866551
866601
866621
866641
867091
867231
867431
867461
867761
867821
867961
868281
868391
868881
869421
869861
870061
870161
870221
870831
871041
871051
871151
871191
871331
871431
871441
872031
872371
872661
873261
873571
874321
874381
874611
874911
875771
875801
876351
876381
876781
876901
877661
878001
878301
878461
878521
878741
878821
879201
879231
879341
879371
880051
880081
880331
880631
881051
881381
882041
882321
882731
882751
882981
882991
884201
884391
884491
884621
885271
885541
885631
885781
886691
886881
886891
886961
887761
888641
888691
889211
889421
889711
890001
890571
891341
891651
891711
891831
892011
892311
892991
893511
893541
893911
893921
894141
894191
894301
895231
895591
895821
895931
896631
896691
896731
896951
897451
898161
898321
898771
898861
899041
899121
899301
899331
899381
899531
899641
899881
900291
900491
900501
900611
901181
901461
901661
901871
901991
902001
902251
902621
902681
902781
902881
903021
903131
903151
903291
903571
904081
904101
904821
904841
904941
905251
905421
905671
905981
906031
906141
906291
906301
906481
906551
906671
906801
907481
907801
908301
908341
908361
908411
908431
908581
908981
909121
909611
909841
910211
910341
910401
910451
910511
910751
911141
911331
911431
911771
911921
912391
912591
913131
913331
914091
914161
914991
916251
916441
916531
916571
916631
916821
916921
917351
917821
917861
917901
918161
918321
918471
918631
918731
919191
919801
920311
920451
920611
920911
921441
922181
922191
922281
923371
923531
923641
923881
923971
924041
924971
925411
925841
925901
926021
926411
927691
927751
928061
928341
928671
929111
930051
930431
930781
931001
931211
931221
931561
931661
931751
931761
932061
932281
933781
934381
934391
934691
934891
935241
935381
935461
935481
935491
935661
935821
935861
935941
936021
936151
936181
936261
937311
937881
938061
938311
938361
938581
938751
938791
939511
939881
940281
940471
940781
940861
940951
940971
941151
941211
941891
941941
942001
942241
942251
942291
942341
942521
942661
942761
944951
945141
945221
945351
945421
946201
946561
947071
947091
947991
948041
948051
948241
948291
948331
948381
948561
948821
948871
949121
949251
949261
949371
949891
949901
950181
950221
950281
950841
950891
951541
951791
951861
951941
952071
952301
952641
953821
953861
954041
954281
954471
954631
954811
955081
955091
955251
955301
956331
957221
957521
958111
959061
959221
959721
960381
960401
960621
960711
961891
961981
962241
962401
962611
962701
962761
962831
962841
962951
963101
963261
963441
963571
963701
963881
965021
965151
965501
965821
965911
966571
966581
966741
966791
967451
967731
967901
967941
968031
968331
969041
969251
969421
969521
969571
969791
970281
970291
970321
970861
970921
971081
972021
972151
972241
972481
972721
972741
972831
972861
973021
973121
973161
973241
973401
973711
973811
973931
974681
974711
974801
974811
974901
975271
975931
976071
976161
976381
976601
976801
977371
977961
978251
978341
978911
979181
979571
979801
979911
980291
980621
981131
981201
981401
981791
981821
981881
982081
982261
982961
982981
983141
983221
983671
983731
983851
984411
984671
984861
985071
985221
985301
985421
985451
986081
986771
986891
987131
987711
987831
988411
988891
989081
989211
989251
989401
989631
989701
990111
990301
990491
990511
990591
990611
990891
990921
990981
991391
991531
991641
991771
991821
992071
992271
992411
992541
993051
993301
994541
994581
994871
995071
995251
995321
995341
995481
995511
995901
995981
996131
996491
996651
996691
996901
997001
997711
997831
997851
998721
998941
999581
999671
999721
999741
999761
