821830
10271
493393
8606
741833
692783
776939
821847
778061
3299
70773
766357
626123
814776
541123
529973
658743
76193
698473
12957
9184
74663
7775
738373
20033
607603
6717
6776
755807
4697
903131
650153
164693
862531
777538
755907
757421
677983
967901
674833
684423
607023
659543
692733
10182
785942
561373
768413
47393
754583
740103
907801
623443
733133
613703
786993
812319
59983
66763
607223
11605
788037
7525
705203
10379
622783
805414
643913
778923
746273
853601
761510
623053
44543
46013
26033
814584
50853
12523
53713
64683
868281
779157
699653
772292
20643
546773
623723
61053
546133
46953
762354
813708
56033
659683
760547
807078
661423
790018
982981
807774
755543
7232
669933
664833
696723
850321
11180
725283
7831
739493
700113
700403
757894
468573
756052
30433
803175
995481
225503
783051
781650
699813
731373
785413
3226
629003
807215
10098
6032
810843
698993
8996
731423
796966
804460
7647
660153
613403
783706
756401
759360
764005
13473
749593
49343
771985
798725
662183
761462
810106
842381
6485
686143
6517
822803
822818
677293
2741
9871
66353
55233
609313
794962
39883
11535
798853
772613
12234
11502
790399
870831
5294
723593
750143
330893
7538
785327
51033
772447
774258
704903
981791
11755
13033
223923
762457
757105
4182
976161
761286
724343
835111
70213
759904
470503
67213
816107
635243
11143
829791
931561
755793
994541
11936
754579
700633
19213
648913
726173
10472
3440
793575
530353
11322
51933
785444
29503
896731
12265
689133
782397
37773
801235
617453
33783
7792
53243
791178
633253
732603
662163
11971
756131
203923
686123
796893
656563
758492
912391
801338
756551
79503
674513
692443
6313
728933
6267
938751
682083
905
766798
715393
9462
737733
709123
800791
762742
755674
10003
767083
697133
810483
2939
802285
818869
627263
3186
772627
78923
67183
366753
772546
785683
791526
783111
741863
780752
817085
9953
12385
819622
682203
816081
656193
774905
792267
9946
31183
746483
270853
714213
71273
785918
48313
800067
24333
880331
660223
326323
792278
763210
816671
750953
696883
3774
821715
805528
744493
206403
820709
6691
80553
41983
856941
6924
910751
692073
995901
673563
655483
870221
28273
806300
815082
255253
10402
97493
809750
698073
17523
901661
810319
70353
821698
802887
63813
786217
773233
754672
622603
17173
680343
743703
6567
783212
765094
754680
206023
64533
685033
58423
697443
7143
807367
619643
817644
760687
16293
793300
62263
12690
814527
58713
15123
75473
129143
792314
941941
734443
656413
804433
11736
3674
766912
680463
621263
27493
984671
779110
803163
154813
767318
820416
928061
11555
855821
663553
756159
22133
828401
16553
772351
761848
686573
766498
849171
76793
264843
76433
10489
781341
697583
12979
32363
674823
882981
784343
773832
788184
818169
6597
653633
799379
59613
816597
727823
802271
778180
782596
737163
56463
27213
37833
48813
8624
40133
568133
899301
647613
13093
727473
885781
7504
830461
790587
911331
219963
764783
787140
719533
3592
82913
76333
891831
805706
772155
22953
41523
762664
784408
7165
794067
10511
747173
803687
12972
773555
882731
58163
903291
639453
633923
810226
9939
712873
568263
759596
679453
65933
776224
52063
40623
812341
817007
759717
10134
290703
806903
723193
756209
40283
760232
11509
796308
777861
10806
812683
203593
794606
9515
811789
435
719163
5925
205823
760774
692573
6718
632243
673963
268843
5748
754465
80113
775663
625463
766411
51493
812104
507163
5800
740013
784205
17293
683243
820533
481363
766472
30303
195553
792767
813929
817715
611413
918161
6447
15643
10124
8572
11202
794975
755051
866441
796085
792055
427553
687043
57623
78933
11310
780070
4052
711343
802832
818862
898771
831631
757251
210253
3215
759983
873571
764623
821788
50173
10833
9033
839801
693143
935861
11798
676383
810232
996
11692
809869
572583
925411
697013
307933
804446
625003
7091
27803
627983
953821
663183
50133
800613
793197
807562
719963
730843
13513
814568
965501
762703
615113
818673
516933
882321
67543
754955
788110
6883
10754
764948
98363
11228
811018
12624
758327
799643
67073
670153
607413
6091
758240
757722
774586
814623
806886
793947
17303
10497
817408
837271
666953
6536
793494
87593
631053
105033
785710
20623
679713
54453
767624
652143
11232
698563
813773
630393
382493
677503
745953
47483
834501
754936
640933
779613
717763
10231
721983
886961
754923
804952
665363
648733
707463
814868
77813
805676
5543
29233
12968
2425
67853
764209
794792
950891
609173
815840
654783
10596
797426
11236
41703
73463
758078
470093
757727
10190
813044
631983
752923
707593
638153
794937
10762
763977
756389
268283
8903
754499
2379
991771
64693
711283
55623
775983
823637
767948
963701
888641
821548
21763
28453
11136
783281
759593
599893
645393
82043
816408
664053
872371
911771
1697
794174
727093
692223
811916
4329
932061
7062
6696
63473
981401
11630
73043
4572
9974
756725
698153
900501
12086
780156
703713
12156
612643
895931
9761
782883
878001
779979
195983
896691
641683
33323
41863
6266
17653
4913
613983
649753
802143
15533
31823
798147
13089
266043
13134
817427
775229
12248
784587
792162
755162
762166
802249
13014
754653
59723
239923
587933
649603
767075
662853
670113
670663
708043
12347
754530
64473
820728
791360
12560
948241
47903
58973
721643
799145
45243
3511
822704
740083
261703
782778
867821
682983
755914
757026
736413
804155
3579
768837
463333
725623
705073
799855
26983
767217
812304
5794
730413
796803
674253
777703
756609
27823
81893
765282
491413
760362
728813
755229
694753
593093
763137
22043
788032
803263
9774
730783
667813
108883
813563
737563
699503
780629
805294
974681
823558
799770
755912
934691
203413
771727
793606
30223
651793
80143
624133
796511
714933
39963
710123
59703
682233
813775
779149
756429
816024
746093
794417
762583
782800
820655
814221
818104
898321
37743
672913
780993
805582
814813
759130
756472
823893
717423
771289
8814
821414
78853
769786
939511
762752
45503
777989
816847
2959
963881
802597
128793
680623
40763
820298
798298
726873
677213
822725
10460
788427
26733
783329
191373
786579
4022
613233
820009
987711
617173
6212
607473
816240
75943
820395
10248
514123
663483
757199
650563
51643
536753
664223
828491
715573
800686
13497
614903
785072
700003
68083
798740
651773
147723
711193
48993
749223
777671
622413
1993
821740
795355
711683
773701
11201
25193
6001
414153
818439
914091
77323
755048
747333
675753
22143
784444
3304
783828
802556
797233
802245
966581
683883
64923
814764
772470
821388
41073
69203
644723
9082
823198
793674
629643
49973
73593
21163
811280
724963
784191
782759
861391
53703
820811
937311
814819
5153
515533
777815
722083
920911
899881
763430
203003
737513
47603
802256
777896
818411
641593
699863
781611
717773
653373
798518
12199
29653
754467
762072
654453
642893
10964
800644
765740
764372
705993
781690
651513
878301
12040
658913
756638
640173
823024
6002
270233
758509
11962
757927
669523
776914
10448
808451
754484
862331
811127
657343
809220
817661
826041
762653
746993
686203
42803
2833
796845
990591
668403
805500
758750
5907
23403
13020
38513
66563
760563
799935
779341
801098
763557
63913
795251
742753
807505
732113
40183
3773
12950
47513
153723
816488
650583
755231
614883
13087
811088
778735
610843
791189
2125
10505
758669
2828
64823
801270
719713
721423
778286
29383
688773
779396
370453
6929
758208
40303
2689
886881
21053
11507
13017
10720
13206
795002
758770
763616
139712
795141
903021
803947
11646
798836
29173
978341
707323
680603
789397
740693
764680
755075
12247
709953
54083
36893
800434
7344
765824
767455
670383
625303
823133
710173
791841
800770
13006
880051
656733
794322
729473
988411
756060
651903
817919
610933
782111
709413
818837
75753
775212
650313
4632
788321
625073
795281
774267
651463
1594
994871
739393
866551
53753
628143
948381
625523
820064
9370
65223
694783
766060
61423
47963
818068
759188
913331
729173
804111
48533
872031
475033
629053
842071
719003
724073
36783
389773
817096
771715
808385
776397
308813
11260
13433
755445
822154
214993
20603
26203
616663
9163
11115
821362
906801
4825
674183
710633
39763
893921
66543
993301
13004
13189
781501
811912
725383
68903
12068
625253
80783
801236
930431
754183
12455
611813
754883
806279
214963
797411
779905
10052
915
10401
687693
10316
728043
6739
758232
962841
165523
609333
779104
755649
805393
13082
628543
762080
627343
701123
686373
787021
658533
804442
11058
684753
801152
664673
790751
793656
27893
705313
7357
797035
748263
774976
746853
682513
593363
769633
12962
630813
47543
702093
706863
936151
777352
766820
818858
746903
22963
864821
729553
627593
11635
818051
761822
713673
787718
630753
926021
106563
798984
43983
46283
10567
64483
66663
761635
4797
774790
954041
11264
818707
59693
705463
780045
796280
648753
3645
660763
745003
754508
696443
814640
713893
729563
611753
242713
736363
10562
709983
32393
7268
13395
787936
764715
962401
677893
74303
420203
662503
614223
991641
754483
696023
726363
1555
2431
754842
739993
785657
653783
718983
930781
374553
754777
20673
699933
16213
12356
765692
648933
810040
12153
57473
27163
773022
755557
3789
757877
717723
888691
791010
648463
935461
13312
664983
754855
70393
837551
764960
43963
52183
11564
761616
755560
591143
725163
44183
763914
686533
711183
805309
755376
764379
654263
11566
742523
781944
80823
6611
58463
38053
795269
774128
628163
816040
802667
762283
764362
700933
939881
817242
2550
3005
11231
690633
771682
764113
689033
650023
8847
860101
5640
9984
809966
783476
658863
730183
607553
686513
644453
558573
806114
642023
41263
681803
823399
735733
728193
770718
783778
821479
970921
803322
890571
789555
646443
760022
58603
4545
694213
42173
43683
759881
649833
851481
750333
775301
894141
762458
768645
60613
23963
677973
737013
868391
778805
747093
646273
59163
803220
666843
781324
773270
28753
36523
765467
743933
786755
756028
816349
756358
707643
934391
766352
794723
7192
86663
819533
787886
33793
736573
32
775216
963261
797216
821769
633353
810276
843091
692593
622503
811549
758134
795499
776546
333553
758292
799170
130693
813447
682733
42273
755906
775993
28883
16183
821145
898161
801746
275063
743813
787191
778696
546873
618623
642743
740953
611333
4366
823116
753893
997001
754774
82233
685413
654823
74573
700783
786418
11458
69493
645093
697173
47943
10986
10538
648903
797036
776091
786597
13072
13689
7839
635293
765647
783646
623743
627803
68693
806995
34923
685943
38583
526803
792522
607983
756388
690933
732753
724363
28233
755610
764375
795107
726883
51343
12242
773033
4036
689453
75633
782907
3865
12027
10363
615443
11439
804016
737263
45983
779497
10686
790417
4298
823363
11575
808594
755402
820497
788757
6756
817581
5060
4205
624823
789241
805430
631413
2958
764293
639073
7082
10620
991821
8697
813558
755447
758598
593083
863531
7827
43743
613793
814562
214883
46633
747923
813605
30073
768600
625913
800003
8904
771494
633993
780899
5145
666453
2755
734893
20103
802784
644843
785478
813615
37733
9493
97673
806836
10353
689533
895821
809521
281873
47753
10101
706513
72043
906551
696233
860531
681423
6271
657033
777169
68223
973121
7481
7123
802340
773965
27263
648383
205793
6690
792103
827771
12052
10635
772253
884391
842981
688633
760474
768026
631143
