821830
10271
493393
8606
741833
692783
776939
821847
778061
3299
70773
766357
626123
814776
541123
529973
658743
76193
698473
12957
9184
74663
7775
738373
20033
607603
6717
6776
755807
4697
903131
650153
164693
862531
777538
755907
757421
677983
967901
674833
684423
607023
659543
692733
10182
785942
561373
768413
47393
754583
740103
907801
623443
733133
613703
786993
812319
59983
66763
607223
11605
788037
7525
705203
10379
622783
805414
643913
778923
746273
853601
761510
623053
44543
46013
26033
814584
50853
12523
53713
64683
868281
779157
699653
772292
20643
546773
623723
61053
546133
46953
762354
813708
56033
659683
760547
807078
661423
790018
982981
807774
755543
7232
669933
664833
696723
850321
11180
725283
7831
739493
700113
700403
757894
468573
756052
30433
803175
995481
225503
783051
781650
699813
731373
785413
3226
629003
807215
10098
6032
810843
698993
8996
731423
796966
804460
7647
660153
613403
783706
756401
759360
764005
13473
749593
49343
771985
798725
662183
761462
810106
842381
6485
686143
6517
822803
822818
677293
2741
9871
66353
55233
609313
794962
39883
11535
798853
772613
12234
11502
790399
870831
5294
723593
750143
330893
7538
785327
51033
772447
774258
704903
981791
11755
13033
223923
762457
757105
4182
976161
761286
724343
835111
70213
759904
470503
67213
816107
635243
11143
829791
931561
755793
994541
11936
754579
700633
19213
648913
726173
10472
3440
793575
530353
11322
51933
785444
29503
896731
12265
689133
782397
37773
801235
617453
33783
7792
53243
791178
633253
732603
662163
11971
756131
203923
686123
796893
656563
758492
912391
801338
756551
79503
674513
692443
6313
728933
6267
938751
682083
905
766798
715393
9462
737733
709123
800791
762742
755674
10003
767083
697133
810483
2939
802285
818869
627263
3186
772627
78923
67183
366753
772546
785683
791526
783111
741863
780752
817085
9953
12385
819622
682203
816081
656193
774905
792267
9946
31183
746483
270853
714213
71273
785918
48313
800067
24333
880331
660223
326323
792278
763210
816671
750953
696883
3774
821715
805528
744493
206403
820709
6691
80553
41983
856941
6924
910751
692073
995901
673563
655483
870221
28273
806300
815082
255253
10402
97493
809750
698073
17523
901661
810319
70353
821698
802887
63813
786217
773233
754672
622603
17173
680343
743703
6567
783212
765094
754680
206023
64533
685033
58423
697443
7143
807367
619643
817644
760687
16293
793300
62263
12690
814527
58713
15123
75473
129143
792314
941941
734443
656413
804433
11736
3674
766912
680463
621263
27493
984671
779110
803163
154813
767318
820416
928061
11555
855821
663553
756159
22133
828401
16553
772351
761848
686573
766498
849171
76793
264843
76433
10489
781341
697583
12979
32363
674823
882981
784343
773832
788184
818169
6597
653633
799379
59613
816597
727823
