821830
10271
493393
8606
741833
692783
776939
821847
778061
3299
70773
766357
626123
814776
541123
529973
658743
76193
698473
12957
9184
74663
7775
738373
20033
607603
6717
6776
755807
4697
903131
650153
164693
862531
777538
755907
757421
677983
967901
674833
684423
607023
659543
692733
10182
785942
561373
768413
47393
754583
740103
907801
623443
733133
613703
786993
812319
59983
66763
607223
11605
788037
7525
705203
10379
622783
805414
643913
778923
746273
853601
761510
623053
44543
46013
26033
814584
50853
12523
53713
64683
868281
779157
699653
772292
20643
546773
623723
61053
546133
46953
762354
813708
56033
659683
760547
807078
661423
790018
982981
807774
755543
7232
669933
664833
696723
850321
11180
725283
7831
739493
700113
700403
757894
468573
756052
30433
803175
995481
225503
783051
781650
699813
731373
785413
3226
629003
807215
10098
6032
810843
698993
8996
731423
796966
804460
7647
660153
613403
783706
756401
759360
764005
13473
749593
49343
771985
798725
662183
761462
810106
842381
6485
686143
6517
822803
822818
677293
2741
9871
66353
55233
609313
794962
39883
11535
798853
772613
12234
11502
790399
870831
5294
723593
750143
330893
7538
785327
51033
772447
774258
704903
981791
11755
13033
223923
762457
757105
4182
976161
761286
724343
835111
70213
759904
470503
67213
816107
635243
11143
829791
931561
755793
994541
11936
754579
700633
19213
648913
726173
10472
3440
793575
530353
11322
51933
785444
29503
896731
12265
689133
782397
37773
801235
617453
33783
7792
53243
791178
633253
732603
662163
11971
756131
203923
686123
796893
656563
758492
912391
801338
756551
79503
674513
692443
6313
728933
6267
938751
682083
905
766798
715393
9462
737733
709123
800791
762742
755674
10003
767083
697133
810483
2939
802285
818869
627263
3186
772627
78923
67183
366753
772546
785683
791526
783111
741863
780752
817085
9953
12385
819622
682203
816081
656193
774905
792267
9946
31183
746483
270853
714213
71273
785918
48313
800067
24333
880331
660223
326323
792278
763210
816671
750953
696883
3774
821715
805528
744493
206403
820709
6691
80553
41983
856941
6924
910751
692073
995901
673563
655483
870221
28273
806300
815082
255253
10402
97493
809750
698073
17523
901661
810319
70353
821698
802887
63813
786217
773233
754672
622603
17173
680343
743703
6567
783212
765094
754680
206023
64533
685033
58423
697443
7143
807367
619643
817644
760687
16293
793300
62263
12690
814527
58713
15123
75473
129143
792314
941941
734443
656413
804433
11736
3674
766912
680463
621263
27493
984671
779110
803163
154813
767318
820416
928061
11555
855821
663553
756159
22133
828401
16553
772351
761848
686573
766498
849171
76793
264843
76433
10489
781341
697583
12979
32363
674823
882981
784343
773832
788184
818169
6597
653633
799379
59613
816597
727823
802271
778180
782596
737163
56463
27213
37833
48813
8624
40133
568133
899301
647613
13093
727473
885781
7504
830461
790587
911331
219963
764783
787140
719533
3592
82913
76333
891831
805706
772155
22953
41523
762664
784408
7165
794067
10511
747173
803687
12972
773555
882731
58163
903291
639453
633923
810226
9939
712873
568263
759596
679453
65933
776224
52063
40623
812341
817007
759717
10134
290703
806903
723193
756209
40283
760232
11509
796308
777861
10806
812683
203593
794606
9515
811789
435
719163
5925
205823
760774
692573
6718
632243
673963
268843
5748
754465
80113
775663
625463
766411
51493
812104
507163
5800
740013
784205
17293
683243
820533
481363
766472
30303
195553
792767
813929
817715
611413
918161
6447
15643
10124
8572
11202
794975
755051
866441
796085
792055
427553
687043
57623
78933
11310
780070
4052
711343
802832
818862
898771
831631
757251
210253
3215
759983
873571
764623
821788
50173
10833
9033
839801
693143
935861
11798
676383
810232
996
11692
809869
572583
925411
697013
307933
804446
625003
7091
27803
627983
953821
663183
50133
800613
793197
807562
719963
730843
13513
814568
965501
762703
615113
818673
516933
882321
67543
754955
788110
6883
10754
764948
98363
11228
811018
12624
758327
799643
67073
670153
607413
6091
758240
757722
774586
814623
806886
793947
17303
10497
817408
837271
666953
6536
793494
87593
631053
105033
785710
20623
679713
54453
767624
652143
11232
698563
813773
630393
382493
677503
745953
47483
834501
754936
640933
779613
717763
10231
721983
886961
754923
804952
665363
648733
707463
814868
77813
805676
5543
29233
12968
2425
67853
764209
794792
950891
609173
815840
654783
10596
797426
11236
41703
73463
758078
470093
757727
10190
813044
631983
752923
707593
638153
794937
10762
763977
756389
268283
8903
754499
2379
991771
64693
711283
55623
775983
823637
767948
963701
888641
821548
21763
28453
11136
783281
759593
599893
645393
82043
816408
664053
872371
911771
1697
794174
727093
692223
811916
4329
932061
7062
6696
63473
981401
11630
73043
4572
9974
756725
698153
900501
12086
780156
703713
12156
612643
895931
9761
782883
878001
779979
195983
896691
641683
33323
41863
6266
17653
4913
613983
649753
802143
15533
31823
798147
13089
266043
13134
817427
775229
12248
784587
792162
755162
762166
802249
13014
754653
59723
239923
587933
649603
767075
662853
670113
670663
708043
12347
754530
64473
820728
791360
12560
948241
47903
58973
721643
799145
45243
3511
822704
740083
261703
782778
867821
682983
755914
757026
736413
804155
3579
768837
463333
725623
705073
799855
26983
767217
812304
5794
730413
796803
674253
777703
756609
27823
81893
765282
491413
760362
728813
755229
694753
593093
763137
22043
788032
803263
9774
730783
667813
108883
813563
737563
699503
780629
805294
974681
823558
