821830
10271
493393
8606
741833
692783
776939
821847
778061
3299
70773
766357
626123
814776
541123
529973
658743
76193
698473
12957
9184
74663
7775
738373
20033
607603
6717
6776
755807
4697
903131
650153
164693
862531
777538
755907
757421
677983
967901
674833
684423
607023
659543
692733
10182
785942
561373
768413
47393
754583
740103
907801
623443
733133
613703
786993
812319
59983
66763
607223
11605
788037
7525
705203
10379
622783
805414
643913
778923
746273
853601
761510
623053
44543
46013
26033
814584
50853
12523
53713
64683
868281
779157
