821830
10271
493393
8606
741833
692783
776939
821847
778061
3299
70773
766357
626123
814776
541123
529973
658743
76193
698473
12957
9184
74663
7775
738373
20033
607603
6717
6776
755807
4697
903131
650153
164693
862531
777538
755907
757421
677983
967901
674833
684423
607023
659543
692733
10182
785942
561373
768413
47393
754583
740103
907801
623443
733133
613703
786993
812319
59983
66763
607223
11605
788037
7525
705203
10379
622783
805414
643913
778923
746273
853601
761510
623053
44543
46013
26033
814584
50853
12523
53713
64683
868281
779157
699653
772292
20643
546773
623723
61053
546133
46953
762354
813708
56033
659683
760547
807078
661423
790018
982981
807774
755543
7232
669933
664833
696723
850321
11180
725283
7831
739493
700113
700403
757894
468573
756052
30433
803175
995481
225503
783051
781650
699813
731373
785413
3226
629003
807215
10098
6032
810843
698993
8996
731423
796966
804460
7647
660153
613403
783706
756401
759360
764005
13473
749593
49343
771985
798725
662183
761462
810106
842381
6485
686143
6517
822803
822818
677293
2741
9871
66353
55233
609313
794962
39883
11535
798853
