15663
820025
769723
733123
785673
797492
814652
815749
60023
12225
766615
808937
880091
618103
792233
813655
67173
619333
610353
833291
871551
694153
786667
795507
2720
741233
699573
775705
892141
708263
775913
342593
754753
55173
656483
992941
36503
771335
702103
639413
51023
795758
793202
5610
633193
822926
799241
11759
613943
670193
718053
750033
811576
78683
814841
680023
780032
724503
777993
787441
705533
923841
791766
59393
62663
842081
806224
756182
20063
796430
761655
688343
854351
698653
769354
4744
34873
399203
758927
5478
823711
765903
922211
673193
973921
4642
788143
762123
817925
253843
815380
68183
715753
143883
832301
983871
661593
971821
751433
788708
726273
753843
998
262
793053
784532
945451
988801
680553
790287
39123
712503
805842
75563
12310
764110
72783
793249
49463
755249
7693
28253
772172
12563
336253
815715
6478
778543
778
6438
7360
635923
801170
852561
33773
788287
780686
788814
644593
650713
42373
642953
814677
5757
765868
755789
771662
75513
993331
41603
528
3861
25133
59523
737393
11821
818551
761431
794785
4711
687523
807010
22873
655893
378353
755862
10409
773604
790266
767101
756323
10956
739483
807959
691043
24923
665563
823690
71543
37933
777533
641133
952131
622883
777434
773974
669593
41473
608833
12783
1653
194043
201613
626993
735763
804566
11789
776575
846471
718473
48553
44483
775594
74943
25313
756721
779632
705563
695703
5537
77523
527293
815545
874141
799681
802913
752103
794580
755414
655973
691403
24143
612113
39663
2318
860951
635523
814713
811202
65553
509183
906251
923
813711
765210
774519
756228
6290
426263
12186
811156
710103
745213
712613
6523
11482
798808
638803
11691
641413
49743
816637
793032
917751
691453
782482
424613
968711
870191
784893
756782
980541
118493
175793
761245
686413
1044
12636
761273
777321
785601
605643
12817
78023
6769
821224
950471
795647
653973
894181
12911
813491
732683
724313
575
43113
13634
760904
641003
755931
940631
36703
823495
630743
793754
768481
684223
712843
818282
805580
13464
941591
763449
756220
10842
76283
756061
750583
661563
44273
792855
802191
40863
34833
33143
739283
781142
809261
831071
11939
3037
12422
776559
838791
6052
667013
763841
48373
53293
652023
5485
793370
820885
609223
816233
849191
732273
685573
13893
320533
793957
925571
2179
680003
658763
788457
779910
10132
267483
699683
47023
859381
39363
8978
770294
10766
678943
40123
775841
857791
13494
10540
53353
766649
74333
783145
13183
662353
706263
780734
808264
540873
165863
78183
636123
693903
67483
790171
66043
643663
808795
23883
35793
72583
778531
81403
786180
781895
757495
768667
43393
665383
768781
7369
958431
16053
75003
643523
798606
58003
14773
626243
756217
802841
998271
810667
812172
992001
795193
812414
727073
80133
724623
808989
636263
711313
17193
253873
13442
8794
783793
24093
648243
816780
11604
11499
11524
810474
12101
872931
630263
701703
788918
811356
69323
790304
44413
997091
44993
795749
769630
618683
59333
803619
944851
522093
664163
791388
711533
672973
29613
768196
24793
811215
815445
654333
13236
1354
753113
781303
766957
632183
24283
256543
786920
12467
11615
689953
634983
6526
795769
790870
10633
714183
718163
640283
920171
73473
627233
817900
780020
708023
2995
686353
370733
10120
782654
2953
12936
383543
668963
688413
756260
623543
10894
13317
78803
997921
559873
817148
792393
254
778392
707913
28743
811837
795361
687663
733003
12135
699013
378863
71903
66943
758967
691613
824084
6628
766044
685343
75153
794378
765335
836361
734623
12288
665073
643773
526293
723543
1120
790192
821170
468
788756
874891
791421
660143
13049
780240
791002
795586
777719
808539
34133
10279
863571
765854
819481
687333
48113
665263
132793
761093
498403
726073
883611
124033
44593
635833
705423
773472
762460
636653
5728
12513
791620
716923
692043
790848
146363
698873
760696
818490
628433
42303
682473
72063
856991
420433
17213
743723
655683
13126
764858
762367
783127
809099
11825
921
765147
959
211113
687703
754833
778682
616823
696933
792538
624453
5977
12287
74353
730243
665463
53563
615093
3248
756789
15773
587453
781575
9935
868851
42463
665633
773187
630143
776
645383
821187
769024
849071
806012
307983
663213
672033
778658
741733
13628
80943
759926
13536
772980
10126
744853
1679
792777
763549
632713
721253
74383
761083
679513
710573
770598
754870
782276
48733
944231
802384
979
612383
76723
776945
729623
8584
4549
728243
11678
803127
785435
803939
813850
280343
50613
190003
798552
910131
820943
12436
775724
25863
67023
742463
608853
6682
781510
12482
797116
49783
834011
24373
7527
964
814978
606
757007
13034
857861
820301
13507
621073
42293
631263
796657
55403
808588
765700
13364
58583
796311
420183
690783
78343
23363
44633
6104
647053
827921
686943
772919
8671
752743
771236
5167
11565
300383
794373
1571
709773
787783
11453
754912
80023
629883
162433
11301
813567
78973
786505
95713
745403
743053
785074
775311
54873
12709
466363
5996
63033
727383
813213
890501
617013
12832
12470
789045
776283
38063
844971
55643
591873
756196
759623
795890
11997
618373
804234
771669
920991
58653
11434
686323
800818
560263
6654
748643
814316
501
782080
756394
644883
802534
11666
731213
852671
20433
797858
677323
817826
798103
11486
805723
819986
786899
4655
11003
694223
758519
791857
725993
2472
52
764834
59483
676543
984481
229143
7524
999261
942541
76273
47123
743993
78233
651723
777200
794119
615763
678183
49953
38733
755118
726093
796131
771767
33803
60983
754750
637393
823987
51123
822935
918811
778791
808811
3415
68873
795683
799050
68173
821771
687843
841
714773
761258
636683
804508
34853
45523
699123
666593
7551
912621
644283
756665
945151
659873
789640
225023
942231
822907
653363
799847
754871
763237
728153
983311
759479
57173
628783
654293
762385
758734
634433
756113
4882
728203
823093
814641
59773
807475
798719
16083
1148
3006
674
763534
693203
156763
774842
82413
741893
781445
867041
632593
834611
1075
884301
798254
986151
670283
890
794889
690863
74983
12757
760983
1338
679783
774300
711163
803179
693033
765620
681033
814718
967751
108
774062
10476
13675
13010
822626
1376
636533
799719
781063
909431
10722
668623
800715
7738
677803
406333
753313
817545
775017
10535
34353
659433
812449
690833
755845
673863
26183
799672
72403
796766
811407
13141
517083
844741
810292
912001
777073
793259
841351
686183
7707
706733
692293
809382
657953
316103
5749
673513
682603
13219
212963
13050
644383
879551
856401
71453
394733
815049
2582
817141
645373
703673
4089
821612
795478
769664
799784
653163
824441
743863
790305
11267
760425
10213
623873
21273
794979
807471
823005
770277
1688
638163
624473
754532
795396
4509
27153
12079
792896
811260
792849
737283
4793
854191
657333
756309
692
13600
57
744293
799078
800614
813670
786882
782473
777560
805311
686723
12934
775334
1131
688793
822647
2676
47873
659203
758804
43333
650593
773958
5227
744423
79183
896511
479
16543
786583
781775
10977
786385
812194
815885
592
754323
5508
688273
812835
619673
767644
101653
766054
11682
819558
801660
13734
763500
820371
636423
759285
799019
769763
859571
810702
52593
44833
797673
769493
783794
12491
270523
797852
10265
731593
31403
34773
71483
80343
788133
763460
620973
540463
71203
756255
787373
788166
817864
471433
910661
933971
822890
758428
802590
798478
43893
4607
769693
74903
760001
772665
723833
774319
77123
795851
620233
766414
867911
11570
809971
706323
807931
796196
712003
11404
1604
766125
910361
723013
9016
10963
611883
195123
958581
714163
38623
10305
670913
813062
795259
744093
638993
9368
779551
799337
812283
884311
641383
77863
666623
879751
757919
631913
169363
768011
8100
575263
738543
744713
618273
449843
800586
760607
24783
9994
810811
791122
3228
82563
798952
613293
6931
818424
681363
783449
882421
787263
12772
43073
676053
661373
687213
675273
965331
49073
803702
692273
624413
411893
769785
63963
821901
714833
766255
78723
779285
897961
779470
737243
708213
9497
712263
813963
770756
891211
710243
34253
13229
756144
417313
10761
604963
609603
767914
844341
789055
809606
545463
205423
578603
611423
687263
559033
991841
414503
736323
821336
649663
10142
726293
924561
639393
79083
821624
803311
755603
16873
21293
131993
30873
755664
785825
58533
898481
73173
39263
801042
820919
779729
821267
651223
50663
812964
786655
3403
812299
32023
69
755099
790762
52623
636223
865781
862281
786560
72763
13311
275533
29093
948221
53213
13203
632233
766909
12297
13733
901451
6698
721073
61063
802847
914351
860591
780669
794124
888211
812349
633013
21843
790513
807903
7431
660693
193723
484233
755866
10775
785300
19713
57093
845451
988341
801575
4963
1410
725963
149623
631423
811506
730283
49923
11758
874961
797380
966451
185553
768773
44263
75343
683433
638143
636023
755404
694353
54333
772938
798688
46053
801768
740223
77293
785305
798617
746403
814350
756373
753233
664433
817880
810647
790255
793555
776121
694563
14163
36463
765966
562233
803523
744523
755813
55143
682163
35463
765285
7471
48443
802799
7624
806924
13462
54233
815916
969221
612263
651183
39393
758180
676103
49423
822158
992561
716263
823541
11960
804605
7793
5924
7163
761545
813328
4319
782026
12654
697893
19593
660923
50943
93443
813932
919011
13472
777146
169203
164443
162423
619283
751933
986301
343743
793091
772775
10053
754926
60783
10331
706683
916621
811384
6662
10980
12119
59463
782004
9947
655123
764355
5253
783225
754644
48803
32893
737203
969851
510
971701
23063
773624
892051
633513
790061
735543
798165
782674
819253
761179
13629
755768
77643
820322
826361
818720
26523
813646
761917
783930
381653
880521
44223
891511
715003
205843
442
819744
757732
6747
16833
11388
80153
746363
795530
800633
820303
416813
816915
779855
733443
815443
756548
718493
707503
703833
785549
807487
471893
725613
820026
763068
664863
823336
21
743533
77413
682003
2138
9483
33353
879971
7500
11487
766390
739443
774292
800176
802310
653533
11025
784782
745313
793087
650963
791312
679553
104233
706703
814268
717133
782757
803088
82603
675193
699953
755798
787168
942191
623523
10807
959201
990661
909251
680323
13386
58023
810972
717233
816532
646303
708273
4223
756821
714103
800285
987681
699273
981811
771344
756379
811166
805420
754805
709113
952941
804654
719613
5260
60513
695463
856551
5684
682773
801917
972621
2942
788864
63453
4129
752703
662833
872821
711793
19513
783489
621053
1534
44783
808324
39913
335693
98603
819018
727993
979211
779451
1942
813638
609813
815811
768562
653353
4945
4728
782750
15873
13456
800904
805819
33433
755312
63923
778729
810242
5229
757868
672393
59123
778037
819711
672873
799
802939
3336
800838
10041
683313
775355
754571
795801
811245
404673
624533
629523
775118
756404
12075
613713
80763
796051
920551
376363
809867
831
13060
667353
12432
638173
789999
12088
650413
34043
848151
813214
773152
795725
765217
25493
789286
623843
727843
598363
763665
150613
68303
6604
3533
309633
758269
66523
800297
607953
99063
620383
663873
795029
749993
9224
787463
460143
797018
775743
619323
809962
782721
20983
980451
717843
19883
631773
818492
769114
638203
814310
783472
39043
802131
877491
3524
607123
861511
768220
791372
800130
24973
768285
758349
709173
667863
756621
836051
807049
10117
690483
776267
8633
618083
727453
823583
775700
736793
690953
37383
550943
952691
790511
693683
658253
903351
754003
431033
712313
708073
10143
685803
756321
631083
990991
783150
820566
63163
617903
754668
751123
825251
75873
783665
705233
817564
881191
638253
790666
81743
819550
739183
10704
7147
730583
722623
732453
766697
791039
774182
712213
173783
806861
755709
759467
749
908771
8841
7395
741813
7106
846001
428533
797522
857201
57073
12456
63363
602983
780290
307833
16323
776489
805809
779259
783903
104083
748613
740123
910771
2804
233023
12151
788771
368143
783087
647003
264213
702273
819150
773991
608413
762200
636143
944511
647683
101543
800283
12034
57543
808887
909351
733383
762667
696343
800294
820093
904681
10771
819235
837261
990831
4309
632823
805782
811492
973681
749833
755471
43023
775916
762940
766990
579503
610583
664093
803218
32863
806170
11946
11437
5984
787036
791433
779258
627203
841461
372533
752903
13387
6426
979861
25103
774311
623803
1442
684233
775429
754440
797274
625113
744433
23983
823646
769896
754836
17353
116663
65913
2455
808492
924271
719043
742213
944551
620503
27903
199113
774880
636233
13608
772157
764811
711843
614013
765263
819284
994711
719343
960021
611723
757183
54763
844171
25933
581543
869351
781585
763088
822958
957781
992521
755955
819340
780780
712693
375183
807897
10465
915271
755788
713953
12627
47633
70983
43273
18313
802009
2778
692363
779748
969861
883401
820221
989911
70203
59223
790976
775109
767630
992161
913281
918311
815865
30133
995221
844621
104003
7489
36803
315053
46123
708113
760815
5511
754601
36253
706853
754511
692483
771745
9060
713383
712053
759292
702243
42723
7279
779826
6118
13248
58733
973761
952521
774392
779990
13333
28083
806968
796752
715033
66453
866321
999401
734843
49683
12886
729403
706623
33613
856061
800627
755716
817742
821042
731753
756053
709383
773417
774330
769039
833791
76973
817011
885181
789802
714923
10781
702663
696093
828801
13044
625053
19023
756172
792873
805440
17803
370053
967
631253
760302
8569
763764
711503
21403
13714
796935
698343
724853
773940
544
675163
3517
386573
802
422
795837
714903
9949
5030
218
9995
685313
779161
754673
689963
803288
136203
631333
11376
803894
622753
10198
820594
8963
13283
622813
4358
12597
10561
5608
779018
807167
55593
966761
10638
47353
748323
214353
968761
11393
620953
752853
753623
636963
52793
819572
38763
824029
821179
791891
12305
665983
713633
637953
644473
22283
669643
769584
738133
756371
750383
80363
70403
755685
922001
808011
821379
791632
696203
7730
694123
677823
48833
805711
32733
779255
10176
189
4014
780724
12796
821075
817923
823267
568973
963421
82763
673043
757365
1673
910071
3804
796894
699673
910191
12094
815106
617653
103433
933201
791657
656933
822063
722743
669303
12127
711783
740493
765392
795813
686603
679393
630863
776379
678203
616263
767183
41123
52803
51013
646543
41133
2548
66363
820756
53943
149953
607893
783046
773800
810911
11419
756653
755918
734503
748253
69603
39733
659243
283023
810942
4710
777746
753973
774390
971481
756108
3689
786386
819473
649423
793502
24393
792117
855171
946881
26853
31573
774493
787947
840751
358033
756949
323763
894991
735333
781932
768617
777189
13474
7003
808420
743203
726213
782775
760799
650093
804650
801363
728553
687243
802585
3131
71733
793909
333093
614243
49503
207483
39303
949911
817460
13160
796443
796649
809593
823610
794173
911511
623663
1736
792382
638423
13593
800298
67783
823216
896161
759425
712353
1183
979701
770491
658773
62053
931231
15173
782130
801992
35993
77493
487793
10836
738953
744613
816166
10362
756086
7581
761543
636043
459663
676743
2623
768796
778921
784999
774116
806001
4893
814555
999071
823571
11255
626923
777271
811462
36763
796742
773955
763365
5100
813745
65013
1393
610963
10745
682623
963841
670973
75813
662443
801333
821778
792812
618943
654813
649843
767285
804565
927591
438023
856741
697213
13530
712523
755884
755494
6301
615693
613513
610663
977691
772323
806088
15363
888471
801225
706343
9457
755035
799167
774162
615863
734363
967171
704303
849131
780221
614253
807981
776285
673733
670403
880231
768981
73753
56753
763085
744883
701033
785860
828
755490
673793
695853
719823
794113
65093
775037
3188
779845
49583
961721
756672
992861
684283
56493
376093
968931
549113
688313
66673
821083
791347
807957
620513
662873
768316
798228
692773
762415
7505
755029
906831
782967
64583
784132
642393
946461
809415
685873
702853
647853
7152
619173
765031
766130
646983
747883
727793
368823
76543
934011
755972
56853
744503
822374
988591
812492
723323
40633
64643
14483
657433
783383
674683
766568
761185
661013
5000
65053
698553
505373
72283
621723
822099
811087
3686
793367
814274
906221
662253
806190
712783
670093
334833
38133
43603
826821
981641
768207
687343
11032
777331
12488
737413
669723
9106
756039
830761
814281
815766
813934
698813
783796
31023
762610
764629
709743
474703
762938
804675
2687
937421
131553
732333
44933
31043
819051
742293
868161
812757
821020
756238
786652
750553
740753
797531
215673
37913
700353
758061
807447
958
791808
797941
648313
755781
728763
988051
626763
96393
6500
2435
754447
768642
210343
413373
809620
855
79823
623003
971761
12188
12941
60043
800113
74053
770306
10599
894631
698703
608723
805914
770662
63003
617273
3089
754787
926701
465
72863
912081
803694
776454
22783
798932
664993
6158
765836
13399
945481
79853
781040
623563
799080
791878
674993
260
615953
11057
6966
881391
647943
816023
724473
938101
39523
422703
5954
820646
692473
61103
803777
654493
870641
614073
782314
6298
297173
802912
783650
755551
663123
924511
666053
691713
641253
751053
808584
18403
666403
788482
810532
776272
819574
772989
857461
36313
327063
794770
972921
10349
687233
71943
706833
792477
821502
815875
647023
39613
44653
10038
802714
19113
724813
707013
918181
648783
811301
63463
796880
668133
692803
807742
821343
17283
947861
930621
2672
755528
572213
55093
25203
793314
30933
672343
755517
772763
856331
11357
819274
10960
150103
22733
751553
810136
788102
15703
814036
713533
647223
793919
778681
775534
798450
51303
562353
850011
762136
6327
814918
769631
777564
755660
13182
761232
851851
794207
608683
807514
6152
797970
674783
813252
5810
773245
12951
650343
32443
756378
630113
80533
355293
614063
501173
769404
633803
778689
643683
801646
773758
5010
779471
776813
3264
731203
818009
49803
183793
760318
922811
596083
358563
8892
672863
802348
973641
22233
796431
741933
756433
876081
11698
847081
628483
661603
814050
675983
13150
686903
930681
776260
815638
912381
775353
47163
822064
81663
775464
806371
820918
822673
818557
78353
12440
4547
814422
852921
796714
2629
79653
738513
708143
761982
11043
785508
731493
770109
623583
638103
765055
63713
238563
811113
12096
12827
603233
822036
809685
7300
759679
69003
72803
620373
766666
885301
937151
797996
778364
9353
664633
904961
552863
709503
2528
41183
817907
767423
811182
16613
48153
816129
3627
755082
777473
824176
741163
830601
424583
153733
220883
691553
663943
28923
11738
78393
789429
28103
797011
768955
285903
690103
796073
767251
793907
704593
994861
797510
26383
1143
744603
697923
11827
10045
629013
822540
773636
305963
70023
12093
641143
799914
5737
602
663233
756179
4152
809474
6979
927231
630293
804681
788206
12404
725243
792370
809951
741083
46453
666303
70133
805155
948421
48523
892
793678
651603
652253
5992
627103
798098
593553
844611
803825
812467
794072
811712
12666
761219
821823
4749
891941
3160
694633
703843
778029
12241
372643
819
682363
692113
793795
617973
664913
7001
765860
11305
796385
2886
13130
762331
2977
735623
788286
647473
984
650543
635043
804008
779059
6653
806532
737603
823332
656753
803866
75973
777433
71973
813440
816741
11965
762428
637113
780991
617853
61263
781014
80883
728663
69293
11381
757293
817602
682533
690533
104323
645593
756438
765145
3756
5751
796751
800400
746573
772399
714243
797621
763501
11071
725483
940
759371
537203
7089
742363
5231
18273
690983
756683
807999
780141
808
688493
613093
668833
813720
797029
812084
12341
629563
11480
767961
769922
754772
46973
747653
684323
811511
838581
64233
8458
629313
24693
772702
814102
727403
375863
641453
722823
72823
814741
650333
727273
775215
916791
795876
12076
417273
794689
44423
51673
5251
758459
664553
800810
325503
613113
52223
800509
424
32773
13511
656103
5697
818570
774188
858201
58873
869191
693993
817316
1970
824661
757943
800177
920141
3258
806545
11753
802415
764573
820346
769776
10654
635883
1877
40103
11721
12474
936451
963341
19563
820360
805635
815360
810356
823981
997621
978241
786611
683663
6874
772968
818497
693183
12389
738983
813119
43613
1180
822528
741173
756685
719563
823467
5046
124963
778559
10170
963121
798931
752893
612353
732243
642563
30183
662533
661833
19733
8450
730073
799135
767488
210133
777466
768655
805939
74423
666063
949361
784159
815
652993
64073
513703
751913
437693
788982
2442
845601
7626
771413
799569
807737
683183
759691
646793
905431
775160
717363
70483
11215
1456
420363
822940
2352
778389
21203
5713
24823
10064
730383
28653
706903
31623
15183
865721
799921
628253
794425
53153
637283
10605
71433
32643
705373
795397
788515
52813
356633
746143
744
64023
81543
621533
846151
785635
249713
784074
941541
797255
793068
739363
631183
4614
818591
789852
624043
807474
764999
786437
53923
2651
375043
931651
66853
695
793542
612203
749063
884741
766081
582013
45133
6853
756145
807122
762115
24053
330093
616843
608053
772218
976841
844381
12851
76533
872351
808255
785503
13277
639573
836231
886431
760854
10487
663623
758142
643963
657323
778296
692283
652343
777546
822488
801794
748353
156933
774741
13405
996191
708063
803226
899821
784628
693863
3715
949241
763893
43923
650913
33943
10783
768278
742573
773944
514063
811516
835741
771521
817590
820891
777613
724093
1536
887781
318393
586023
810534
805944
2155
776881
3175
784018
137613
766432
700833
790850
770082
614863
749583
820651
42583
771586
655933
701923
151263
720893
585
23113
785591
774937
60663
807750
43523
769739
795879
55993
726123
42843
779228
693273
621483
794329
762632
786280
448383
706303
758687
76373
11066
789751
793884
825
618243
82213
4844
814869
434513
48283
756745
10984
742673
741333
780028
698243
477753
8291
4149
756034
819736
11352
54633
323233
946491
70273
960681
815328
702
761598
177073
617693
704103
804731
730493
11518
618533
759311
4783
662313
773820
36063
404323
819999
66093
644513
240193
787924
697983
284933
754655
48883
679653
625653
622873
44003
2168
670923
768086
13505
691273
823832
679843
793275
29893
636163
49313
2545
681463
775668
46263
765362
741063
657263
804416
795929
9339
817712
5263
809312
798396
769930
737183
336473
355243
794947
669313
939761
123743
12730
934421
13620
761474
984701
677273
43123
804152
754929
734423
815642
798006
725863
742733
865601
771362
675293
12557
886221
344833
76683
944151
670643
757502
733833
742003
61083
766965
936441
771261
71413
775358
805012
74233
880801
809613
11577
762324
956001
761561
679473
958951
638713
413703
10477
745183
656143
821419
767036
6960
732163
820097
10647
932991
730633
794767
881291
59453
30543
961071
980171
42673
740023
959551
12492
761708
29013
779311
864501
5276
45693
23003
785005
807533
754545
663443
759404
766956
16163
60733
755573
15353
62083
1467
673763
780740
802137
739323
6217
768550
13270
811436
756603
18683
689943
23773
39293
10506
826861
36953
716183
735513
704123
57033
899171
757948
755996
803754
823234
708473
58363
778518
3639
783937
756589
3252
713373
30283
661813
609903
752193
759126
751953
787030
797731
270633
689223
63753
56103
10564
724783
790466
30373
611013
7580
11349
12026
75253
759899
905091
819699
776134
791723
912461
682153
24863
726103
829
789352
888311
797986
801320
40773
820392
776475
753873
810034
104333
36403
913671
717503
38443
752993
79363
39463
809159
756539
814095
660603
722903
809241
637823
663333
813290
300223
12622
772669
11786
11879
965551
755126
692213
940651
64653
756308
625323
738003
8279
811051
609013
71313
816659
757683
13409
66933
662263
818931
810990
960291
678223
60
799154
818085
799226
759025
24443
854651
932221
10009
613453
1778
668993
690133
742563
20693
787464
59043
801525
719513
24013
106263
768762
325
660363
852421
26173
723663
26293
777088
943181
823871
759489
786041
1187
5967
756668
894651
765377
729093
813259
796479
40583
964291
852
4341
33523
769426
762974
751093
759351
822234
763251
823703
662023
54133
960
793504
621293
657443
928871
12573
13485
60243
13657
773985
976371
6075
724293
810660
8229
779999
962391
784336
786127
918
27563
679613
703933
8491
663563
13612
452783
643123
785824
784009
727813
69543
796632
940751
61883
811640
830151
810179
819791
763642
711693
811630
281023
794130
3628
668813
761536
783734
765633
815170
6849
775974
915741
747243
13368
696323
864911
304563
756462
7474
26953
64893
784669
680703
804064
797223
779663
755666
917381
1140
77053
30793
728303
14743
618733
823836
36413
761467
801061
10531
818797
797443
4872
36493
797992
755281
618763
63643
723493
95013
731353
806463
806842
991071
700613
73703
766225
59683
803028
778478
143303
701353
702963
821033
790828
765638
761140
889521
2792
800373
733863
815481
693303
40913
73113
749523
521563
718543
769696
10839
666033
762445
11534
674083
695143
805109
22353
46223
748753
822547
652203
40483
8980
778174
746843
759513
801186
1369
805755
803588
756046
773857
13558
67123
61673
8281
810440
4830
787205
822544
809389
937131
735123
780067
80013
799198
822928
43633
996091
716483
751533
44133
12809
949051
744373
777463
11878
64413
12661
45633
741963
816615
379503
95333
811541
2391
801183
736263
754969
641633
807735
614233
820572
812909
79203
4395
26243
777057
611793
798410
803724
745703
60863
956101
821875
5356
709483
683403
755746
798046
808313
15473
7492
663843
783422
4805
783896
782094
668853
810773
907511
785224
820341
643793
727413
676923
787564
749143
14233
736143
789072
820754
651283
755208
59193
789810
722183
820530
721033
11834
850401
686463
426653
758882
620463
760745
782370
13672
885171
641573
865361
703683
739523
10221
28663
897131
768629
870561
794899
849591
815099
775688
798308
873681
966651
642183
749433
765893
1821
635793
13486
56823
726233
785241
462343
953271
797143
41273
775988
813796
994971
799068
76403
654173
649713
773206
817259
755583
11505
724173
921541
672593
10695
28073
11363
25143
736853
780889
3720
11262
988911
794313
10267
775425
753193
912581
70953
783470
32103
991151
13440
122843
236073
811129
786741
862931
655613
243113
586313
876681
813487
681733
780788
683083
809641
987781
763910
949961
5325
746793
765290
6177
772436
478233
450463
629123
772498
13439
92593
785033
748673
12121
632063
823756
647633
659553
5166
167153
627273
812460
685393
817523
834621
610453
281043
764083
12712
758247
812724
376573
5190
5976
756865
922011
5577
767633
807648
922141
955
712393
37903
354403
63233
632623
794885
72873
40423
780379
30633
11811
694663
707873
907601
484973
821834
822220
808009
217853
704913
677743
721793
814071
814518
10014
12110
653563
5782
755526
775860
701803
693
11294
804208
4932
794960
843491
794198
644783
4890
613123
844271
715123
703963
894701
8907
792414
725653
823293
760856
755400
35403
836781
1318
894521
18153
785691
805547
4514
763469
1032
680513
774626
755222
617963
147093
662943
77083
