15663
820025
769723
733123
785673
797492
814652
815749
60023
12225
766615
808937
880091
618103
792233
813655
67173
619333
610353
833291
871551
694153
786667
795507
2720
741233
699573
775705
892141
708263
775913
342593
754753
55173
656483
992941
36503
771335
702103
639413
51023
795758
793202
5610
633193
822926
799241
11759
613943
670193
718053
750033
811576
78683
814841
680023
780032
724503
777993
787441
705533
923841
791766
59393
62663
842081
806224
756182
20063
796430
761655
688343
854351
698653
769354
4744
34873
399203
758927
5478
823711
765903
922211
673193
973921
4642
788143
762123
817925
253843
815380
68183
715753
143883
832301
983871
661593
971821
751433
788708
726273
753843
998
262
793053
784532
945451
988801
680553
790287
39123
712503
805842
75563
12310
764110
72783
793249
49463
755249
7693
28253
772172
12563
336253
815715
6478
778543
778
6438
7360
635923
801170
852561
33773
788287
780686
788814
644593
650713
42373
642953
814677
5757
765868
755789
771662
75513
993331
41603
528
3861
25133
59523
737393
11821
818551
761431
794785
4711
687523
807010
22873
655893
378353
755862
10409
773604
790266
767101
756323
10956
739483
807959
691043
24923
665563
823690
71543
37933
777533
641133
952131
622883
777434
773974
669593
41473
608833
12783
1653
194043
201613
626993
735763
804566
11789
776575
