15663
820025
769723
733123
785673
797492
814652
815749
60023
12225
766615
808937
880091
618103
792233
813655
67173
619333
610353
833291
871551
694153
786667
795507
2720
741233
699573
775705
892141
708263
775913
342593
754753
55173
656483
992941
36503
771335
702103
639413
51023
795758
793202
5610
633193
822926
799241
11759
613943
670193
718053
750033
811576
78683
814841
680023
780032
724503
777993
787441
705533
923841
791766
59393
62663
842081
806224
756182
20063
796430
761655
688343
854351
698653
769354
4744
34873
399203
758927
5478
823711
765903
922211
673193
973921
4642
788143
762123
817925
253843
815380
68183
715753
143883
832301
983871
661593
971821
751433
788708
726273
753843
998
262
793053
784532
945451
988801
680553
790287
39123
712503
805842
75563
12310
764110
72783
793249
49463
755249
7693
28253
772172
12563
336253
815715
6478
778543
778
6438
7360
635923
801170
852561
33773
788287
780686
788814
644593
650713
42373
642953
814677
5757
765868
755789
771662
75513
993331
41603
528
3861
25133
59523
737393
11821
818551
761431
794785
4711
687523
807010
22873
655893
378353
755862
10409
773604
790266
767101
756323
10956
739483
807959
691043
24923
665563
823690
71543
37933
777533
641133
952131
622883
777434
773974
669593
41473
608833
12783
1653
194043
201613
626993
735763
804566
11789
776575
846471
718473
48553
44483
775594
74943
25313
756721
779632
705563
695703
5537
77523
527293
815545
874141
799681
802913
752103
794580
755414
655973
691403
24143
612113
39663
2318
860951
635523
814713
811202
65553
509183
906251
923
813711
765210
774519
756228
6290
426263
12186
811156
710103
745213
712613
6523
11482
798808
638803
11691
641413
49743
816637
793032
917751
691453
782482
424613
968711
870191
784893
756782
980541
118493
175793
761245
686413
1044
12636
761273
777321
785601
605643
12817
78023
6769
821224
950471
795647
653973
894181
12911
813491
732683
724313
575
43113
13634
760904
641003
755931
940631
36703
823495
630743
793754
768481
684223
712843
818282
805580
13464
941591
763449
756220
10842
76283
756061
750583
661563
44273
792855
802191
40863
34833
33143
739283
781142
809261
831071
11939
3037
12422
776559
838791
6052
667013
763841
48373
53293
652023
5485
793370
820885
609223
816233
849191
732273
685573
13893
320533
793957
925571
2179
680003
658763
788457
779910
10132
267483
699683
47023
859381
39363
8978
770294
10766
678943
40123
775841
857791
13494
10540
53353
766649
74333
783145
13183
662353
706263
780734
808264
540873
165863
78183
636123
693903
67483
790171
66043
643663
808795
23883
35793
72583
778531
81403
786180
781895
757495
768667
43393
665383
768781
7369
958431
16053
75003
643523
798606
58003
14773
626243
756217
802841
998271
810667
812172
992001
795193
812414
727073
80133
724623
808989
636263
711313
17193
253873
13442
8794
783793
24093
648243
816780
11604
11499
11524
810474
12101
872931
630263
701703
788918
811356
69323
790304
44413
997091
44993
795749
769630
618683
59333
803619
944851
522093
664163
791388
711533
672973
29613
768196
24793
811215
815445
654333
13236
1354
753113
781303
766957
632183
24283
256543
786920
12467
11615
689953
634983
6526
795769
790870
10633
714183
718163
640283
920171
73473
627233
817900
780020
708023
2995
686353
370733
10120
782654
2953
12936
383543
668963
688413
756260
623543
10894
13317
78803
997921
559873
817148
792393
254
778392
707913
28743
811837
795361
687663
733003
12135
699013
378863
71903
66943
758967
691613
824084
6628
766044
685343
75153
794378
765335
836361
734623
12288
665073
643773
526293
723543
1120
790192
821170
468
788756
874891
791421
660143
13049
780240
791002
795586
777719
808539
34133
10279
863571
765854
819481
687333
48113
665263
132793
761093
498403
726073
883611
124033
44593
635833
705423
773472
762460
636653
5728
12513
791620
716923
692043
790848
146363
698873
760696
818490
628433
42303
682473
72063
856991
420433
17213
743723
655683
13126
764858
762367
783127
809099
11825
921
765147
959
211113
687703
754833
778682
616823
696933
792538
624453
5977
12287
74353
730243
665463
53563
615093
3248
756789
15773
587453
781575
9935
868851
42463
665633
773187
630143
776
645383
821187
769024
849071
806012
307983
663213
672033
778658
741733
13628
80943
759926
13536
772980
10126
744853
1679
792777
763549
632713
721253
74383
761083
679513
710573
770598
754870
782276
48733
944231
802384
979
612383
76723
776945
729623
8584
4549
728243
11678
803127
785435
803939
813850
280343
50613
190003
798552
910131
820943
12436
775724
25863
67023
742463
608853
6682
781510
12482
797116
49783
834011
24373
7527
964
814978
606
757007
13034
857861
820301
13507
621073
42293
631263
796657
55403
808588
765700
13364
58583
796311
420183
690783
78343
23363
44633
6104
647053
827921
686943
772919
8671
752743
771236
5167
11565
300383
794373
1571
709773
787783
11453
754912
80023
629883
162433
11301
813567
78973
786505
95713
745403
743053
785074
775311
54873
12709
466363
5996
63033
727383
813213
890501
617013
12832
12470
789045
776283
38063
844971
55643
591873
756196
759623
795890
11997
618373
804234
771669
920991
58653
11434
686323
800818
560263
6654
748643
814316
501
782080
756394
644883
802534
11666
731213
852671
20433
797858
677323
817826
798103
11486
805723
819986
786899
4655
11003
694223
758519
791857
725993
2472
