15663
820025
769723
733123
785673
797492
814652
815749
60023
12225
766615
808937
880091
618103
792233
813655
67173
619333
610353
833291
871551
694153
786667
795507
2720
741233
699573
775705
892141
708263
775913
342593
754753
55173
656483
992941
36503
771335
702103
639413
51023
795758
793202
5610
633193
822926
799241
11759
613943
670193
718053
750033
811576
78683
814841
680023
780032
724503
777993
787441
705533
923841
791766
59393
62663
842081
806224
756182
20063
796430
761655
688343
854351
698653
769354
4744
34873
399203
758927
5478
823711
765903
922211
673193
973921
4642
788143
762123
817925
253843
815380
68183
715753
143883
832301
983871
661593
971821
751433
788708
726273
753843
998
262
793053
784532
945451
988801
680553
790287
39123
712503
805842
75563
12310
764110
72783
793249
49463
755249
7693
28253
772172
12563
336253
815715
6478
778543
778
6438
7360
635923
801170
852561
33773
788287
780686
788814
644593
650713
42373
642953
814677
5757
765868
755789
771662
75513
993331
41603
528
3861
25133
59523
737393
11821
818551
761431
794785
4711
687523
807010
22873
655893
378353
755862
10409
773604
790266
767101
756323
10956
739483
807959
691043
24923
665563
823690
71543
37933
777533
641133
952131
622883
777434
773974
669593
41473
608833
12783
1653
194043
201613
626993
735763
804566
11789
776575
846471
718473
48553
44483
775594
74943
25313
756721
779632
705563
695703
5537
77523
527293
815545
874141
799681
802913
752103
794580
755414
655973
691403
24143
612113
39663
2318
860951
635523
814713
811202
65553
509183
906251
923
813711
765210
774519
756228
6290
426263
12186
811156
710103
745213
712613
6523
11482
798808
638803
11691
641413
49743
816637
793032
917751
691453
782482
424613
968711
870191
784893
756782
980541
118493
175793
761245
686413
1044
12636
761273
777321
785601
605643
12817
78023
6769
821224
950471
795647
653973
894181
12911
813491
732683
724313
575
43113
13634
760904
641003
755931
940631
36703
823495
630743
793754
768481
684223
712843
818282
805580
13464
941591
763449
756220
10842
76283
756061
750583
661563
44273
792855
802191
40863
34833
33143
739283
781142
809261
831071
11939
3037
12422
776559
838791
6052
667013
763841
48373
53293
652023
5485
793370
820885
609223
816233
849191
732273
685573
13893
320533
793957
925571
2179
680003
658763
788457
779910
10132
267483
699683
47023
859381
39363
8978
770294
10766
678943
40123
775841
857791
13494
10540
53353
766649
74333
783145
13183
662353
706263
780734
808264
540873
165863
78183
636123
693903
67483
790171
66043
643663
808795
23883
35793
72583
778531
81403
786180
781895
757495
768667
43393
665383
768781
7369
958431
16053
75003
643523
798606
58003
14773
626243
756217
802841
998271
810667
812172
992001
795193
812414
727073
80133
724623
808989
636263
711313
17193
253873
13442
8794
783793
24093
648243
816780
11604
11499
11524
810474
12101
872931
630263
701703
788918
811356
69323
790304
44413
997091
44993
795749
769630
618683
59333
803619
944851
522093
664163
791388
711533
672973
29613
768196
24793
811215
815445
654333
13236
1354
753113
781303
766957
632183
24283
256543
786920
12467
11615
689953
634983
6526
795769
790870
10633
714183
718163
640283
920171
73473
627233
817900
780020
708023
2995
686353
370733
10120
782654
2953
12936
383543
668963
688413
756260
623543
10894
13317
78803
997921
559873
817148
792393
254
778392
707913
28743
811837
795361
687663
733003
12135
699013
378863
71903
66943
758967
691613
824084
6628
766044
685343
75153
794378
765335
836361
734623
12288
665073
643773
526293
723543
1120
790192
821170
468
788756
874891
791421
660143
13049
780240
791002
795586
777719
808539
34133
10279
863571
765854
819481
687333
48113
665263
132793
761093
498403
726073
883611
124033
44593
635833
705423
773472
762460
636653
5728
12513
791620
716923
692043
790848
146363
698873
760696
818490
628433
42303
682473
72063
856991
420433
17213
743723
655683
13126
764858
762367
783127
809099
11825
921
765147
959
211113
687703
754833
778682
616823
696933
792538
624453
5977
12287
74353
730243
665463
53563
615093
3248
756789
15773
587453
781575
9935
868851
42463
665633
773187
630143
776
645383
821187
769024
849071
806012
307983
663213
672033
778658
741733
13628
80943
759926
13536
772980
10126
744853
1679
792777
763549
632713
721253
74383
761083
679513
710573
770598
754870
782276
48733
944231
802384
979
612383
76723
776945
729623
8584
4549
728243
11678
803127
785435
803939
813850
280343
50613
190003
798552
910131
820943
12436
775724
25863
67023
742463
608853
6682
781510
12482
797116
49783
834011
24373
7527
964
814978
606
757007
13034
857861
820301
13507
621073
42293
631263
796657
55403
808588
765700
13364
58583
796311
420183
690783
78343
23363
44633
6104
647053
827921
686943
772919
8671
752743
771236
5167
11565
300383
794373
1571
709773
787783
11453
754912
80023
629883
162433
11301
813567
78973
786505
95713
745403
743053
785074
775311
54873
12709
466363
5996
63033
727383
813213
890501
617013
12832
12470
789045
776283
38063
844971
55643
591873
756196
759623
795890
11997
618373
804234
771669
920991
58653
11434
686323
800818
560263
6654
748643
814316
501
782080
756394
644883
802534
11666
731213
852671
20433
797858
677323
817826
798103
11486
805723
819986
786899
4655
11003
694223
758519
791857
725993
2472
52
764834
59483
676543
984481
229143
7524
999261
942541
76273
47123
743993
78233
651723
777200
794119
615763
678183
49953
38733
755118
726093
796131
771767
33803
60983
754750
637393
823987
51123
822935
918811
778791
808811
3415
68873
795683
799050
68173
821771
687843
841
714773
761258
636683
804508
34853
45523
699123
666593
7551
912621
644283
756665
945151
659873
789640
225023
942231
822907
653363
799847
754871
763237
728153
983311
759479
57173
628783
654293
762385
758734
634433
756113
4882
728203
823093
814641
59773
807475
798719
16083
1148
3006
674
763534
693203
156763
774842
82413
741893
781445
867041
632593
834611
1075
884301
798254
986151
670283
890
794889
690863
74983
12757
760983
1338
679783
774300
711163
803179
693033
765620
681033
814718
967751
108
774062
10476
13675
13010
822626
1376
636533
799719
781063
909431
10722
668623
800715
7738
677803
406333
753313
817545
775017
10535
34353
659433
812449
690833
755845
673863
26183
799672
72403
796766
811407
13141
517083
844741
810292
912001
777073
793259
841351
686183
7707
706733
692293
809382
657953
316103
5749
673513
682603
13219
212963
13050
644383
879551
856401
71453
394733
815049
2582
817141
645373
703673
4089
821612
795478
769664
799784
653163
824441
743863
790305
11267
760425
10213
623873
21273
794979
807471
823005
770277
1688
638163
624473
754532
795396
4509
27153
12079
792896
811260
792849
737283
4793
854191
657333
756309
692
13600
57
744293
799078
800614
813670
786882
782473
777560
805311
686723
12934
775334
1131
688793
822647
2676
47873
659203
758804
43333
650593
773958
5227
744423
79183
896511
479
16543
786583
781775
10977
786385
812194
815885
592
754323
5508
688273
812835
619673
767644
101653
766054
11682
819558
801660
13734
763500
820371
636423
759285
799019
769763
859571
810702
52593
44833
797673
769493
783794
12491
270523
797852
10265
731593
31403
34773
71483
80343
788133
763460
620973
540463
71203
756255
787373
788166
817864
471433
910661
933971
822890
758428
802590
798478
43893
4607
769693
74903
760001
772665
723833
774319
77123
795851
620233
766414
867911
11570
809971
706323
807931
796196
712003
11404
1604
766125
910361
723013
9016
10963
611883
195123
958581
714163
38623
10305
670913
813062
795259
744093
638993
9368
779551
799337
812283
884311
641383
77863
666623
879751
757919
631913
169363
768011
8100
575263
738543
744713
618273
449843
800586
760607
24783
9994
810811
791122
3228
82563
798952
613293
6931
818424
681363
783449
882421
787263
12772
43073
676053
661373
687213
675273
965331
49073
803702
692273
624413
411893
769785
63963
821901
714833
766255
78723
779285
897961
779470
737243
708213
9497
712263
813963
770756
891211
710243
34253
13229
756144
417313
10761
604963
609603
767914
844341
789055
809606
545463
205423
578603
611423
687263
559033
991841
414503
736323
821336
649663
10142
726293
924561
639393
79083
821624
803311
755603
16873
21293
131993
30873
755664
785825
58533
898481
73173
39263
801042
820919
779729
821267
651223
50663
812964
786655
3403
812299
32023
69
755099
790762
52623
636223
865781
862281
786560
72763
13311
275533
29093
948221
53213
13203
632233
766909
12297
13733
901451
6698
721073
61063
802847
914351
860591
780669
794124
888211
812349
633013
21843
790513
807903
7431
660693
193723
484233
755866
10775
785300
19713
57093
845451
988341
801575
4963
1410
725963
149623
631423
811506
730283
49923
11758
874961
797380
966451
185553
768773
44263
75343
683433
638143
636023
755404
694353
54333
772938
798688
46053
801768
740223
77293
785305
798617
746403
814350
756373
753233
664433
817880
810647
790255
793555
776121
694563
14163
36463
765966
562233
803523
744523
755813
55143
682163
35463
765285
7471
48443
802799
7624
806924
13462
54233
815916
969221
612263
651183
39393
758180
676103
49423
822158
992561
716263
823541
11960
804605
7793
5924
7163
761545
813328
4319
782026
12654
697893
19593
660923
50943
93443
813932
919011
13472
777146
169203
164443
162423
619283
751933
986301
343743
793091
772775
10053
754926
60783
10331
706683
916621
811384
6662
10980
12119
59463
782004
9947
655123
764355
5253
783225
754644
48803
32893
737203
969851
510
971701
23063
773624
892051
633513
790061
735543
798165
782674
819253
761179
13629
755768
77643
820322
826361
818720
26523
813646
761917
783930
381653
880521
44223
891511
715003
205843
442
819744
757732
6747
16833
11388
80153
746363
795530
800633
820303
416813
816915
779855
733443
815443
756548
718493
707503
703833
785549
807487
471893
725613
820026
763068
664863
823336
21
743533
77413
682003
2138
9483
33353
879971
7500
11487
766390
739443
774292
800176
802310
653533
11025
784782
745313
793087
650963
791312
679553
104233
706703
814268
717133
782757
803088
82603
675193
699953
755798
787168
942191
623523
10807
959201
990661
909251
680323
13386
58023
810972
717233
816532
646303
708273
4223
756821
714103
800285
987681
699273
981811
771344
756379
811166
805420
754805
709113
952941
804654
719613
5260
60513
695463
856551
5684
682773
801917
972621
2942
788864
63453
4129
752703
662833
872821
711793
19513
783489
621053
1534
44783
808324
39913
335693
98603
819018
727993
979211
779451
1942
813638
609813
815811
768562
653353
4945
4728
782750
15873
13456
800904
805819
33433
755312
63923
778729
810242
5229
757868
672393
59123
778037
819711
672873
799
802939
3336
800838
10041
683313
775355
754571
795801
811245
404673
624533
629523
775118
756404
12075
613713
80763
796051
920551
376363
809867
831
13060
667353
12432
638173
789999
12088
650413
34043
848151
813214
773152
795725
765217
25493
789286
623843
727843
598363
763665
150613
68303
6604
3533
309633
758269
66523
800297
607953
99063
620383
663873
795029
749993
9224
787463
460143
797018
775743
619323
809962
782721
20983
980451
717843
19883
631773
818492
769114
638203
814310
783472
39043
802131
877491
3524
607123
861511
768220
791372
800130
24973
768285
758349
709173
667863
756621
836051
807049
10117
690483
776267
8633
618083
727453
823583
775700
736793
690953
37383
550943
952691
790511
693683
658253
903351
754003
431033
712313
708073
10143
685803
756321
631083
990991
783150
820566
63163
617903
754668
751123
825251
75873
783665
705233
817564
881191
638253
790666
81743
819550
739183
10704
7147
730583
722623
732453
766697
791039
774182
712213
173783
806861
755709
759467
749
908771
8841
7395
741813
7106
846001
428533
797522
857201
57073
12456
63363
602983
780290
307833
16323
776489
805809
779259
783903
104083
748613
740123
910771
2804
233023
12151
788771
368143
783087
647003
264213
702273
819150
773991
608413
762200
636143
944511
647683
101543
800283
12034
57543
808887
909351
733383
762667
696343
800294
820093
904681
10771
819235
837261
990831
4309
632823
805782
811492
973681
749833
755471
43023
775916
762940
766990
579503
610583
664093
803218
32863
806170
11946
11437
5984
787036
791433
779258
627203
841461
372533
752903
13387
6426
979861
25103
774311
623803
1442
684233
775429
754440
797274
625113
744433
23983
823646
769896
754836
17353
116663
65913
2455
808492
924271
719043
742213
944551
620503
27903
199113
774880
636233
13608
772157
764811
711843
614013
765263
819284
994711
719343
960021
611723
757183
54763
844171
25933
581543
869351
781585
763088
822958
957781
992521
755955
819340
780780
712693
375183
807897
10465
915271
755788
713953
12627
47633
70983
43273
18313
802009
2778
692363
779748
969861
883401
820221
989911
70203
59223
790976
775109
767630
992161
913281
918311
815865
30133
995221
844621
104003
7489
36803
315053
46123
708113
760815
5511
754601
36253
706853
754511
692483
771745
9060
713383
712053
759292
702243
42723
7279
779826
6118
13248
58733
973761
952521
774392
779990
13333
28083
806968
796752
715033
66453
866321
999401
734843
49683
12886
729403
706623
33613
856061
800627
755716
817742
821042
731753
756053
709383
773417
774330
769039
833791
76973
817011
885181
789802
714923
10781
702663
696093
828801
13044
625053
19023
756172
792873
805440
17803
370053
967
631253
760302
8569
763764
