15663
820025
769723
733123
785673
797492
814652
815749
60023
12225
766615
808937
880091
618103
792233
813655
67173
619333
610353
833291
871551
694153
786667
795507
2720
741233
699573
775705
892141
708263
775913
342593
754753
55173
656483
992941
36503
771335
702103
639413
51023
795758
793202
5610
633193
822926
799241
11759
613943
670193
718053
750033
811576
78683
814841
680023
780032
724503
777993
787441
705533
923841
791766
59393
62663
842081
806224
756182
20063
796430
761655
688343
854351
698653
769354
4744
34873
399203
758927
5478
823711
765903
922211
673193
973921
4642
788143
762123
817925
253843
815380
68183
715753
143883
832301
983871
661593
971821
751433
788708
726273
753843
998
262
793053
784532
945451
988801
680553
790287
39123
712503
805842
75563
12310
764110
72783
793249
49463
755249
7693
28253
772172
12563
336253
815715
6478
778543
778
6438
7360
635923
801170
852561
33773
788287
780686
788814
644593
650713
42373
642953
814677
5757
765868
755789
771662
75513
993331
41603
528
3861
25133
59523
737393
11821
818551
761431
794785
4711
687523
807010
22873
655893
378353
755862
10409
773604
790266
767101
756323
10956
739483
807959
691043
24923
665563
823690
71543
37933
777533
641133
952131
622883
777434
773974
669593
41473
608833
12783
1653
194043
201613
626993
735763
804566
11789
776575
846471
718473
48553
44483
775594
74943
25313
756721
779632
705563
695703
5537
77523
527293
815545
874141
799681
802913
752103
794580
755414
655973
691403
24143
612113
39663
2318
860951
635523
814713
811202
65553
509183
906251
923
813711
765210
774519
756228
6290
426263
12186
811156
710103
745213
712613
6523
11482
798808
638803
11691
641413
49743
816637
793032
917751
691453
782482
424613
968711
870191
784893
756782
980541
118493
175793
761245
686413
1044
12636
761273
777321
785601
605643
12817
78023
6769
821224
950471
795647
653973
894181
12911
813491
732683
724313
575
43113
13634
760904
641003
755931
940631
36703
823495
630743
793754
768481
684223
712843
818282
805580
13464
941591
763449
756220
10842
76283
756061
750583
661563
44273
792855
802191
40863
34833
33143
739283
781142
809261
831071
11939
3037
12422
776559
838791
6052
667013
763841
48373
53293
652023
5485
793370
820885
609223
816233
849191
732273
685573
13893
320533
793957
925571
2179
680003
658763
788457
779910
10132
267483
699683
47023
859381
39363
8978
770294
10766
678943
40123
775841
857791
13494
10540
53353
766649
74333
783145
13183
662353
706263
780734
808264
540873
165863
78183
636123
693903
67483
790171
66043
643663
808795
23883
35793
72583
778531
81403
786180
781895
757495
768667
43393
665383
768781
7369
958431
16053
