12
13
15
20
53
107
291
448
572
586
633
767
874
885
888
989
1081
1084
1186
1192
1418
1495
2172
2547
2781
3475
3839
3840
4833
5827
6954
7846
8561
9306
10202
10297
10350
10367
10396
10403
10419
10450
10867
11041
11426
11489
12522
12591
12759
12815
12916
12925
13046
13348
13479
13666
14763
15913
18713
24303
26743
30973
33423
33923
36823
41553
49793
50193
56623
57203
60273
61133
69153
69893
74673
79543
82243
150433
281563
287683
309073
428333
457573
511283
608473
610533
610923
611043
611823
612473
616113
616173
618593
620803
621523
621583
621603
621613
624683
631583
639643
643443
646533
649673
651583
652193
655093
657863
662433
662763
671093
674433
678953
682903
685513
687063
688583
691353
696193
698663
702953
711303
712423
713143
717313
720843
734493
734753
740983
742143
743763
746323
749863
749963
752673
754556
755068
755103
755431
755452
756278
758608
759251
761290
761393
767396
770759
772471
774096
774675
778057
780457
783214
783297
783705
784304
784492
784856
785032
788524
790201
790680
790826
791124
793830
795626
802074
803324
804204
804455
807095
809760
811303
813039
813286
814253
815233
816214
816653
817268
817386
817977
818340
819800
821193
839321
839891
852861
858051
862681
871891
898491
917321
920861
926981
930061
939091
972651
991221
996871
